72 62 14 
73 62 14 
72 63 14 
73 63 14 
72 64 14 
73 64 14 
71 62 15 
72 62 15 
73 62 15 
71 63 15 
72 63 15 
73 63 15 
74 63 15 
71 64 15 
72 64 15 
73 64 15 
72 61 16 
71 62 16 
72 62 16 
73 62 16 
71 63 16 
73 63 16 
74 63 16 
71 64 16 
72 64 16 
73 64 16 
72 65 16 
71 61 17 
72 61 17 
73 61 17 
71 62 17 
72 62 17 
73 62 17 
74 62 17 
70 63 17 
71 63 17 
73 63 17 
74 63 17 
71 64 17 
72 64 17 
73 64 17 
74 64 17 
72 65 17 
73 65 17 
71 61 18 
72 61 18 
73 61 18 
70 62 18 
71 62 18 
73 62 18 
74 62 18 
70 63 18 
71 63 18 
73 63 18 
74 63 18 
70 64 18 
71 64 18 
72 64 18 
73 64 18 
74 64 18 
71 65 18 
72 65 18 
73 65 18 
71 61 19 
72 61 19 
73 61 19 
70 62 19 
71 62 19 
72 62 19 
73 62 19 
70 63 19 
73 63 19 
74 63 19 
70 64 19 
71 64 19 
72 64 19 
73 64 19 
71 65 19 
72 65 19 
73 65 19 
71 61 20 
72 61 20 
70 62 20 
71 62 20 
72 62 20 
73 62 20 
94 62 20 
95 62 20 
70 63 20 
73 63 20 
93 63 20 
94 63 20 
95 63 20 
70 64 20 
71 64 20 
72 64 20 
73 64 20 
94 64 20 
95 64 20 
71 65 20 
72 65 20 
70 61 21 
71 61 21 
72 61 21 
94 61 21 
70 62 21 
71 62 21 
72 62 21 
73 62 21 
93 62 21 
94 62 21 
95 62 21 
69 63 21 
70 63 21 
73 63 21 
92 63 21 
93 63 21 
94 63 21 
95 63 21 
96 63 21 
70 64 21 
71 64 21 
72 64 21 
73 64 21 
93 64 21 
94 64 21 
95 64 21 
70 65 21 
71 65 21 
72 65 21 
94 65 21 
70 61 22 
71 61 22 
72 61 22 
93 61 22 
94 61 22 
69 62 22 
70 62 22 
72 62 22 
73 62 22 
92 62 22 
93 62 22 
94 62 22 
95 62 22 
69 63 22 
70 63 22 
73 63 22 
92 63 22 
93 63 22 
95 63 22 
96 63 22 
69 64 22 
70 64 22 
72 64 22 
73 64 22 
92 64 22 
93 64 22 
94 64 22 
95 64 22 
70 65 22 
71 65 22 
72 65 22 
93 65 22 
94 65 22 
70 61 23 
71 61 23 
72 61 23 
92 61 23 
93 61 23 
94 61 23 
69 62 23 
70 62 23 
72 62 23 
73 62 23 
91 62 23 
92 62 23 
93 62 23 
94 62 23 
95 62 23 
69 63 23 
73 63 23 
91 63 23 
92 63 23 
95 63 23 
69 64 23 
70 64 23 
72 64 23 
73 64 23 
91 64 23 
92 64 23 
93 64 23 
94 64 23 
95 64 23 
70 65 23 
71 65 23 
72 65 23 
92 65 23 
93 65 23 
94 65 23 
69 61 24 
70 61 24 
71 61 24 
72 61 24 
92 61 24 
93 61 24 
94 61 24 
69 62 24 
70 62 24 
72 62 24 
73 62 24 
91 62 24 
92 62 24 
93 62 24 
94 62 24 
95 62 24 
69 63 24 
73 63 24 
90 63 24 
91 63 24 
94 63 24 
95 63 24 
69 64 24 
70 64 24 
72 64 24 
73 64 24 
91 64 24 
92 64 24 
93 64 24 
94 64 24 
95 64 24 
69 65 24 
70 65 24 
71 65 24 
72 65 24 
92 65 24 
93 65 24 
94 65 24 
71 66 24 
70 60 25 
69 61 25 
70 61 25 
71 61 25 
72 61 25 
91 61 25 
92 61 25 
93 61 25 
69 62 25 
72 62 25 
73 62 25 
90 62 25 
91 62 25 
92 62 25 
93 62 25 
94 62 25 
68 63 25 
69 63 25 
73 63 25 
90 63 25 
91 63 25 
94 63 25 
68 64 25 
69 64 25 
72 64 25 
73 64 25 
90 64 25 
91 64 25 
92 64 25 
93 64 25 
94 64 25 
69 65 25 
70 65 25 
71 65 25 
72 65 25 
73 65 25 
91 65 25 
92 65 25 
93 65 25 
70 66 25 
71 66 25 
70 60 26 
71 60 26 
69 61 26 
70 61 26 
71 61 26 
72 61 26 
90 61 26 
91 61 26 
92 61 26 
93 61 26 
68 62 26 
69 62 26 
72 62 26 
73 62 26 
89 62 26 
90 62 26 
91 62 26 
92 62 26 
93 62 26 
94 62 26 
68 63 26 
69 63 26 
73 63 26 
89 63 26 
90 63 26 
93 63 26 
94 63 26 
68 64 26 
69 64 26 
73 64 26 
89 64 26 
90 64 26 
91 64 26 
92 64 26 
93 64 26 
94 64 26 
69 65 26 
70 65 26 
71 65 26 
72 65 26 
73 65 26 
90 65 26 
91 65 26 
92 65 26 
93 65 26 
69 66 26 
70 66 26 
71 66 26 
72 66 26 
69 60 27 
70 60 27 
71 60 27 
68 61 27 
69 61 27 
70 61 27 
71 61 27 
72 61 27 
90 61 27 
91 61 27 
92 61 27 
68 62 27 
69 62 27 
72 62 27 
73 62 27 
89 62 27 
90 62 27 
92 62 27 
93 62 27 
68 63 27 
73 63 27 
88 63 27 
89 63 27 
93 63 27 
68 64 27 
69 64 27 
73 64 27 
89 64 27 
90 64 27 
92 64 27 
93 64 27 
68 65 27 
69 65 27 
72 65 27 
73 65 27 
90 65 27 
91 65 27 
92 65 27 
69 66 27 
70 66 27 
71 66 27 
72 66 27 
69 60 28 
70 60 28 
71 60 28 
72 60 28 
68 61 28 
69 61 28 
71 61 28 
72 61 28 
73 61 28 
89 61 28 
90 61 28 
91 61 28 
92 61 28 
68 62 28 
72 62 28 
73 62 28 
88 62 28 
89 62 28 
90 62 28 
91 62 28 
92 62 28 
93 62 28 
68 63 28 
73 63 28 
88 63 28 
89 63 28 
92 63 28 
93 63 28 
68 64 28 
73 64 28 
88 64 28 
89 64 28 
90 64 28 
92 64 28 
93 64 28 
68 65 28 
69 65 28 
72 65 28 
73 65 28 
89 65 28 
90 65 28 
91 65 28 
92 65 28 
69 66 28 
70 66 28 
71 66 28 
72 66 28 
69 60 29 
70 60 29 
71 60 29 
72 60 29 
68 61 29 
69 61 29 
72 61 29 
73 61 29 
88 61 29 
89 61 29 
90 61 29 
91 61 29 
67 62 29 
68 62 29 
73 62 29 
87 62 29 
88 62 29 
89 62 29 
91 62 29 
92 62 29 
67 63 29 
68 63 29 
73 63 29 
87 63 29 
88 63 29 
92 63 29 
67 64 29 
68 64 29 
73 64 29 
87 64 29 
88 64 29 
89 64 29 
91 64 29 
92 64 29 
68 65 29 
69 65 29 
72 65 29 
73 65 29 
88 65 29 
89 65 29 
90 65 29 
91 65 29 
92 65 29 
69 66 29 
70 66 29 
71 66 29 
72 66 29 
68 60 30 
69 60 30 
70 60 30 
71 60 30 
72 60 30 
68 61 30 
69 61 30 
72 61 30 
73 61 30 
87 61 30 
88 61 30 
89 61 30 
90 61 30 
91 61 30 
67 62 30 
68 62 30 
72 62 30 
73 62 30 
87 62 30 
88 62 30 
91 62 30 
92 62 30 
67 63 30 
73 63 30 
86 63 30 
87 63 30 
91 63 30 
92 63 30 
67 64 30 
68 64 30 
72 64 30 
73 64 30 
87 64 30 
88 64 30 
91 64 30 
92 64 30 
68 65 30 
69 65 30 
72 65 30 
73 65 30 
87 65 30 
88 65 30 
89 65 30 
90 65 30 
91 65 30 
68 66 30 
69 66 30 
70 66 30 
71 66 30 
72 66 30 
88 66 30 
89 66 30 
90 66 30 
68 60 31 
69 60 31 
70 60 31 
71 60 31 
72 60 31 
88 60 31 
89 60 31 
67 61 31 
68 61 31 
71 61 31 
72 61 31 
86 61 31 
87 61 31 
88 61 31 
89 61 31 
90 61 31 
91 61 31 
67 62 31 
68 62 31 
72 62 31 
73 62 31 
86 62 31 
87 62 31 
91 62 31 
67 63 31 
72 63 31 
73 63 31 
86 63 31 
87 63 31 
91 63 31 
92 63 31 
67 64 31 
68 64 31 
72 64 31 
73 64 31 
86 64 31 
87 64 31 
91 64 31 
92 64 31 
67 65 31 
68 65 31 
71 65 31 
72 65 31 
86 65 31 
87 65 31 
88 65 31 
90 65 31 
91 65 31 
68 66 31 
69 66 31 
70 66 31 
71 66 31 
72 66 31 
87 66 31 
88 66 31 
89 66 31 
90 66 31 
68 60 32 
69 60 32 
70 60 32 
71 60 32 
87 60 32 
88 60 32 
89 60 32 
67 61 32 
68 61 32 
71 61 32 
72 61 32 
86 61 32 
87 61 32 
88 61 32 
89 61 32 
90 61 32 
91 61 32 
67 62 32 
72 62 32 
85 62 32 
86 62 32 
90 62 32 
91 62 32 
67 63 32 
72 63 32 
85 63 32 
86 63 32 
91 63 32 
67 64 32 
72 64 32 
85 64 32 
86 64 32 
90 64 32 
91 64 32 
67 65 32 
68 65 32 
71 65 32 
72 65 32 
86 65 32 
87 65 32 
89 65 32 
90 65 32 
91 65 32 
68 66 32 
69 66 32 
70 66 32 
71 66 32 
87 66 32 
88 66 32 
89 66 32 
90 66 32 
68 60 33 
69 60 33 
70 60 33 
71 60 33 
86 60 33 
87 60 33 
88 60 33 
89 60 33 
67 61 33 
68 61 33 
71 61 33 
72 61 33 
85 61 33 
86 61 33 
87 61 33 
89 61 33 
90 61 33 
67 62 33 
72 62 33 
84 62 33 
85 62 33 
86 62 33 
90 62 33 
91 62 33 
67 63 33 
72 63 33 
84 63 33 
85 63 33 
90 63 33 
91 63 33 
67 64 33 
72 64 33 
85 64 33 
86 64 33 
90 64 33 
91 64 33 
67 65 33 
68 65 33 
71 65 33 
72 65 33 
85 65 33 
86 65 33 
87 65 33 
89 65 33 
90 65 33 
68 66 33 
69 66 33 
70 66 33 
71 66 33 
86 66 33 
87 66 33 
88 66 33 
89 66 33 
67 60 34 
68 60 34 
69 60 34 
70 60 34 
71 60 34 
85 60 34 
86 60 34 
87 60 34 
88 60 34 
89 60 34 
67 61 34 
68 61 34 
71 61 34 
72 61 34 
84 61 34 
85 61 34 
86 61 34 
89 61 34 
90 61 34 
66 62 34 
67 62 34 
72 62 34 
84 62 34 
85 62 34 
90 62 34 
66 63 34 
67 63 34 
72 63 34 
84 63 34 
85 63 34 
90 63 34 
66 64 34 
67 64 34 
72 64 34 
84 64 34 
85 64 34 
90 64 34 
67 65 34 
68 65 34 
71 65 34 
72 65 34 
84 65 34 
85 65 34 
86 65 34 
89 65 34 
90 65 34 
67 66 34 
68 66 34 
69 66 34 
70 66 34 
71 66 34 
85 66 34 
86 66 34 
87 66 34 
88 66 34 
89 66 34 
67 60 35 
68 60 35 
69 60 35 
70 60 35 
71 60 35 
85 60 35 
86 60 35 
87 60 35 
88 60 35 
89 60 35 
66 61 35 
67 61 35 
71 61 35 
72 61 35 
84 61 35 
85 61 35 
88 61 35 
89 61 35 
90 61 35 
66 62 35 
67 62 35 
72 62 35 
83 62 35 
84 62 35 
89 62 35 
90 62 35 
66 63 35 
72 63 35 
83 63 35 
84 63 35 
90 63 35 
66 64 35 
67 64 35 
72 64 35 
83 64 35 
84 64 35 
89 64 35 
90 64 35 
66 65 35 
67 65 35 
71 65 35 
72 65 35 
84 65 35 
85 65 35 
88 65 35 
89 65 35 
90 65 35 
67 66 35 
68 66 35 
69 66 35 
70 66 35 
71 66 35 
85 66 35 
86 66 35 
87 66 35 
88 66 35 
89 66 35 
67 60 36 
68 60 36 
69 60 36 
70 60 36 
71 60 36 
84 60 36 
85 60 36 
86 60 36 
87 60 36 
88 60 36 
66 61 36 
67 61 36 
71 61 36 
72 61 36 
83 61 36 
84 61 36 
85 61 36 
88 61 36 
89 61 36 
66 62 36 
72 62 36 
83 62 36 
84 62 36 
89 62 36 
90 62 36 
66 63 36 
72 63 36 
82 63 36 
83 63 36 
89 63 36 
90 63 36 
66 64 36 
72 64 36 
83 64 36 
84 64 36 
89 64 36 
90 64 36 
66 65 36 
67 65 36 
71 65 36 
72 65 36 
83 65 36 
84 65 36 
85 65 36 
88 65 36 
89 65 36 
66 66 36 
67 66 36 
68 66 36 
69 66 36 
70 66 36 
71 66 36 
84 66 36 
85 66 36 
86 66 36 
87 66 36 
88 66 36 
66 60 37 
67 60 37 
68 60 37 
69 60 37 
70 60 37 
71 60 37 
83 60 37 
84 60 37 
85 60 37 
86 60 37 
87 60 37 
88 60 37 
66 61 37 
67 61 37 
71 61 37 
72 61 37 
82 61 37 
83 61 37 
84 61 37 
87 61 37 
88 61 37 
89 61 37 
66 62 37 
72 62 37 
82 62 37 
83 62 37 
88 62 37 
89 62 37 
66 63 37 
72 63 37 
82 63 37 
83 63 37 
89 63 37 
66 64 37 
72 64 37 
82 64 37 
83 64 37 
88 64 37 
89 64 37 
66 65 37 
71 65 37 
72 65 37 
82 65 37 
83 65 37 
84 65 37 
87 65 37 
88 65 37 
89 65 37 
66 66 37 
67 66 37 
68 66 37 
69 66 37 
70 66 37 
71 66 37 
83 66 37 
84 66 37 
85 66 37 
86 66 37 
87 66 37 
88 66 37 
67 67 37 
68 67 37 
67 59 38 
68 59 38 
66 60 38 
67 60 38 
68 60 38 
69 60 38 
70 60 38 
71 60 38 
83 60 38 
84 60 38 
85 60 38 
86 60 38 
87 60 38 
65 61 38 
66 61 38 
71 61 38 
72 61 38 
82 61 38 
83 61 38 
87 61 38 
88 61 38 
65 62 38 
66 62 38 
72 62 38 
81 62 38 
82 62 38 
88 62 38 
89 62 38 
65 63 38 
66 63 38 
72 63 38 
81 63 38 
82 63 38 
88 63 38 
89 63 38 
65 64 38 
66 64 38 
72 64 38 
81 64 38 
82 64 38 
88 64 38 
89 64 38 
65 65 38 
66 65 38 
71 65 38 
72 65 38 
82 65 38 
83 65 38 
87 65 38 
88 65 38 
66 66 38 
67 66 38 
68 66 38 
69 66 38 
70 66 38 
71 66 38 
83 66 38 
84 66 38 
85 66 38 
86 66 38 
87 66 38 
67 67 38 
68 67 38 
69 67 38 
67 59 39 
68 59 39 
69 59 39 
66 60 39 
67 60 39 
68 60 39 
69 60 39 
70 60 39 
71 60 39 
82 60 39 
83 60 39 
84 60 39 
85 60 39 
86 60 39 
87 60 39 
65 61 39 
66 61 39 
71 61 39 
72 61 39 
81 61 39 
82 61 39 
83 61 39 
86 61 39 
87 61 39 
88 61 39 
65 62 39 
72 62 39 
81 62 39 
82 62 39 
87 62 39 
88 62 39 
65 63 39 
72 63 39 
80 63 39 
81 63 39 
88 63 39 
65 64 39 
72 64 39 
81 64 39 
82 64 39 
87 64 39 
88 64 39 
65 65 39 
66 65 39 
71 65 39 
72 65 39 
81 65 39 
82 65 39 
83 65 39 
87 65 39 
88 65 39 
66 66 39 
67 66 39 
69 66 39 
70 66 39 
71 66 39 
72 66 39 
82 66 39 
83 66 39 
84 66 39 
85 66 39 
86 66 39 
87 66 39 
66 67 39 
67 67 39 
68 67 39 
69 67 39 
70 67 39 
66 59 40 
67 59 40 
68 59 40 
69 59 40 
65 60 40 
66 60 40 
67 60 40 
69 60 40 
70 60 40 
71 60 40 
81 60 40 
82 60 40 
83 60 40 
84 60 40 
85 60 40 
86 60 40 
65 61 40 
66 61 40 
71 61 40 
72 61 40 
80 61 40 
81 61 40 
82 61 40 
86 61 40 
87 61 40 
65 62 40 
72 62 40 
80 62 40 
81 62 40 
87 62 40 
88 62 40 
65 63 40 
72 63 40 
80 63 40 
81 63 40 
87 63 40 
88 63 40 
65 64 40 
72 64 40 
80 64 40 
81 64 40 
87 64 40 
88 64 40 
65 65 40 
66 65 40 
72 65 40 
80 65 40 
81 65 40 
82 65 40 
86 65 40 
87 65 40 
65 66 40 
66 66 40 
70 66 40 
71 66 40 
72 66 40 
81 66 40 
82 66 40 
83 66 40 
84 66 40 
85 66 40 
86 66 40 
87 66 40 
66 67 40 
67 67 40 
68 67 40 
69 67 40 
70 67 40 
71 67 40 
66 59 41 
67 59 41 
68 59 41 
69 59 41 
70 59 41 
65 60 41 
66 60 41 
69 60 41 
70 60 41 
71 60 41 
81 60 41 
82 60 41 
83 60 41 
84 60 41 
85 60 41 
86 60 41 
65 61 41 
71 61 41 
72 61 41 
80 61 41 
81 61 41 
86 61 41 
87 61 41 
65 62 41 
72 62 41 
79 62 41 
80 62 41 
86 62 41 
87 62 41 
65 63 41 
72 63 41 
79 63 41 
80 63 41 
87 63 41 
65 64 41 
72 64 41 
79 64 41 
80 64 41 
86 64 41 
87 64 41 
65 65 41 
72 65 41 
80 65 41 
81 65 41 
86 65 41 
87 65 41 
65 66 41 
66 66 41 
71 66 41 
72 66 41 
80 66 41 
81 66 41 
82 66 41 
83 66 41 
84 66 41 
85 66 41 
86 66 41 
66 67 41 
67 67 41 
68 67 41 
69 67 41 
70 67 41 
71 67 41 
83 67 41 
84 67 41 
66 59 42 
67 59 42 
68 59 42 
69 59 42 
70 59 42 
65 60 42 
66 60 42 
70 60 42 
71 60 42 
79 60 42 
80 60 42 
81 60 42 
82 60 42 
83 60 42 
84 60 42 
85 60 42 
86 60 42 
65 61 42 
71 61 42 
72 61 42 
79 61 42 
80 61 42 
81 61 42 
86 61 42 
65 62 42 
72 62 42 
78 62 42 
79 62 42 
80 62 42 
86 62 42 
87 62 42 
65 63 42 
72 63 42 
78 63 42 
79 63 42 
86 63 42 
87 63 42 
65 64 42 
72 64 42 
79 64 42 
80 64 42 
86 64 42 
87 64 42 
65 65 42 
72 65 42 
79 65 42 
80 65 42 
86 65 42 
65 66 42 
66 66 42 
71 66 42 
72 66 42 
79 66 42 
80 66 42 
81 66 42 
82 66 42 
83 66 42 
84 66 42 
85 66 42 
86 66 42 
66 67 42 
67 67 42 
68 67 42 
69 67 42 
70 67 42 
71 67 42 
81 67 42 
82 67 42 
83 67 42 
84 67 42 
85 67 42 
66 59 43 
67 59 43 
68 59 43 
69 59 43 
70 59 43 
82 59 43 
83 59 43 
84 59 43 
65 60 43 
66 60 43 
70 60 43 
71 60 43 
78 60 43 
79 60 43 
80 60 43 
81 60 43 
82 60 43 
83 60 43 
84 60 43 
85 60 43 
86 60 43 
65 61 43 
71 61 43 
72 61 43 
78 61 43 
79 61 43 
85 61 43 
86 61 43 
65 62 43 
71 62 43 
72 62 43 
78 62 43 
79 62 43 
86 62 43 
65 63 43 
72 63 43 
78 63 43 
79 63 43 
86 63 43 
65 64 43 
72 64 43 
78 64 43 
79 64 43 
86 64 43 
65 65 43 
71 65 43 
72 65 43 
78 65 43 
79 65 43 
85 65 43 
86 65 43 
65 66 43 
66 66 43 
71 66 43 
72 66 43 
79 66 43 
80 66 43 
81 66 43 
84 66 43 
85 66 43 
86 66 43 
66 67 43 
67 67 43 
68 67 43 
69 67 43 
70 67 43 
71 67 43 
80 67 43 
81 67 43 
82 67 43 
83 67 43 
84 67 43 
85 67 43 
66 59 44 
67 59 44 
68 59 44 
69 59 44 
70 59 44 
79 59 44 
80 59 44 
81 59 44 
82 59 44 
83 59 44 
84 59 44 
65 60 44 
66 60 44 
70 60 44 
71 60 44 
78 60 44 
79 60 44 
80 60 44 
81 60 44 
82 60 44 
84 60 44 
85 60 44 
65 61 44 
71 61 44 
77 61 44 
78 61 44 
85 61 44 
86 61 44 
65 62 44 
71 62 44 
72 62 44 
77 62 44 
78 62 44 
85 62 44 
86 62 44 
65 63 44 
72 63 44 
77 63 44 
78 63 44 
85 63 44 
86 63 44 
65 64 44 
72 64 44 
77 64 44 
78 64 44 
85 64 44 
86 64 44 
65 65 44 
71 65 44 
72 65 44 
77 65 44 
78 65 44 
79 65 44 
85 65 44 
86 65 44 
65 66 44 
66 66 44 
71 66 44 
78 66 44 
79 66 44 
80 66 44 
84 66 44 
85 66 44 
66 67 44 
67 67 44 
68 67 44 
69 67 44 
70 67 44 
71 67 44 
79 67 44 
80 67 44 
81 67 44 
82 67 44 
83 67 44 
84 67 44 
66 59 45 
67 59 45 
68 59 45 
69 59 45 
70 59 45 
71 59 45 
78 59 45 
79 59 45 
80 59 45 
81 59 45 
82 59 45 
83 59 45 
84 59 45 
65 60 45 
66 60 45 
70 60 45 
71 60 45 
72 60 45 
76 60 45 
77 60 45 
78 60 45 
79 60 45 
83 60 45 
84 60 45 
85 60 45 
64 61 45 
65 61 45 
71 61 45 
72 61 45 
76 61 45 
77 61 45 
78 61 45 
84 61 45 
85 61 45 
64 62 45 
65 62 45 
71 62 45 
72 62 45 
76 62 45 
77 62 45 
85 62 45 
64 63 45 
65 63 45 
72 63 45 
76 63 45 
77 63 45 
85 63 45 
64 64 45 
65 64 45 
72 64 45 
76 64 45 
77 64 45 
85 64 45 
64 65 45 
65 65 45 
71 65 45 
72 65 45 
77 65 45 
78 65 45 
84 65 45 
85 65 45 
65 66 45 
66 66 45 
71 66 45 
72 66 45 
77 66 45 
78 66 45 
79 66 45 
83 66 45 
84 66 45 
85 66 45 
66 67 45 
67 67 45 
68 67 45 
69 67 45 
70 67 45 
71 67 45 
78 67 45 
79 67 45 
80 67 45 
81 67 45 
82 67 45 
83 67 45 
84 67 45 
65 59 46 
66 59 46 
67 59 46 
68 59 46 
69 59 46 
70 59 46 
71 59 46 
72 59 46 
76 59 46 
77 59 46 
78 59 46 
79 59 46 
80 59 46 
81 59 46 
82 59 46 
83 59 46 
65 60 46 
66 60 46 
71 60 46 
72 60 46 
73 60 46 
74 60 46 
75 60 46 
76 60 46 
77 60 46 
78 60 46 
83 60 46 
84 60 46 
64 61 46 
65 61 46 
72 61 46 
73 61 46 
74 61 46 
75 61 46 
76 61 46 
84 61 46 
85 61 46 
64 62 46 
72 62 46 
73 62 46 
74 62 46 
75 62 46 
76 62 46 
84 62 46 
85 62 46 
64 63 46 
72 63 46 
73 63 46 
74 63 46 
75 63 46 
76 63 46 
84 63 46 
85 63 46 
64 64 46 
72 64 46 
73 64 46 
74 64 46 
75 64 46 
76 64 46 
77 64 46 
84 64 46 
85 64 46 
64 65 46 
65 65 46 
72 65 46 
73 65 46 
74 65 46 
75 65 46 
76 65 46 
77 65 46 
84 65 46 
85 65 46 
65 66 46 
66 66 46 
71 66 46 
72 66 46 
73 66 46 
76 66 46 
77 66 46 
78 66 46 
83 66 46 
84 66 46 
65 67 46 
66 67 46 
67 67 46 
68 67 46 
69 67 46 
70 67 46 
71 67 46 
78 67 46 
79 67 46 
80 67 46 
81 67 46 
82 67 46 
83 67 46 
65 59 47 
66 59 47 
67 59 47 
68 59 47 
69 59 47 
70 59 47 
71 59 47 
72 59 47 
73 59 47 
74 59 47 
75 59 47 
76 59 47 
77 59 47 
78 59 47 
79 59 47 
80 59 47 
81 59 47 
82 59 47 
83 59 47 
64 60 47 
65 60 47 
66 60 47 
72 60 47 
73 60 47 
74 60 47 
75 60 47 
76 60 47 
82 60 47 
83 60 47 
84 60 47 
64 61 47 
65 61 47 
83 61 47 
84 61 47 
64 62 47 
84 62 47 
64 63 47 
84 63 47 
64 64 47 
84 64 47 
64 65 47 
65 65 47 
73 65 47 
74 65 47 
75 65 47 
76 65 47 
83 65 47 
84 65 47 
64 66 47 
65 66 47 
71 66 47 
72 66 47 
73 66 47 
74 66 47 
75 66 47 
76 66 47 
77 66 47 
78 66 47 
82 66 47 
83 66 47 
84 66 47 
65 67 47 
66 67 47 
67 67 47 
68 67 47 
69 67 47 
70 67 47 
71 67 47 
72 67 47 
76 67 47 
77 67 47 
78 67 47 
79 67 47 
80 67 47 
81 67 47 
82 67 47 
83 67 47 
66 59 48 
67 59 48 
68 59 48 
69 59 48 
70 59 48 
71 59 48 
72 59 48 
73 59 48 
74 59 48 
75 59 48 
76 59 48 
77 59 48 
78 59 48 
79 59 48 
80 59 48 
81 59 48 
82 59 48 
65 60 48 
66 60 48 
67 60 48 
82 60 48 
83 60 48 
64 61 48 
65 61 48 
83 61 48 
84 61 48 
64 62 48 
83 62 48 
84 62 48 
64 63 48 
83 63 48 
84 63 48 
64 64 48 
83 64 48 
84 64 48 
64 65 48 
83 65 48 
84 65 48 
64 66 48 
65 66 48 
72 66 48 
73 66 48 
74 66 48 
75 66 48 
76 66 48 
82 66 48 
83 66 48 
65 67 48 
66 67 48 
67 67 48 
68 67 48 
69 67 48 
70 67 48 
71 67 48 
72 67 48 
73 67 48 
74 67 48 
75 67 48 
76 67 48 
77 67 48 
78 67 48 
79 67 48 
80 67 48 
81 67 48 
82 67 48 
67 59 49 
68 59 49 
69 59 49 
70 59 49 
71 59 49 
72 59 49 
73 59 49 
74 59 49 
75 59 49 
76 59 49 
77 59 49 
78 59 49 
79 59 49 
80 59 49 
81 59 49 
82 59 49 
65 60 49 
66 60 49 
67 60 49 
68 60 49 
69 60 49 
81 60 49 
82 60 49 
83 60 49 
64 61 49 
65 61 49 
66 61 49 
82 61 49 
83 61 49 
64 62 49 
65 62 49 
82 62 49 
83 62 49 
64 63 49 
83 63 49 
64 64 49 
82 64 49 
83 64 49 
64 65 49 
82 65 49 
83 65 49 
64 66 49 
65 66 49 
81 66 49 
82 66 49 
83 66 49 
65 67 49 
66 67 49 
67 67 49 
68 67 49 
69 67 49 
70 67 49 
71 67 49 
72 67 49 
73 67 49 
74 67 49 
75 67 49 
76 67 49 
77 67 49 
78 67 49 
79 67 49 
80 67 49 
81 67 49 
82 67 49 
69 59 50 
70 59 50 
71 59 50 
72 59 50 
73 59 50 
74 59 50 
75 59 50 
76 59 50 
77 59 50 
78 59 50 
79 59 50 
80 59 50 
81 59 50 
66 60 50 
67 60 50 
68 60 50 
69 60 50 
80 60 50 
81 60 50 
82 60 50 
65 61 50 
66 61 50 
67 61 50 
81 61 50 
82 61 50 
64 62 50 
65 62 50 
66 62 50 
82 62 50 
83 62 50 
64 63 50 
82 63 50 
83 63 50 
64 64 50 
82 64 50 
83 64 50 
64 65 50 
81 65 50 
82 65 50 
64 66 50 
65 66 50 
76 66 50 
77 66 50 
78 66 50 
80 66 50 
81 66 50 
82 66 50 
65 67 50 
66 67 50 
67 67 50 
68 67 50 
69 67 50 
70 67 50 
71 67 50 
72 67 50 
73 67 50 
74 67 50 
75 67 50 
76 67 50 
77 67 50 
78 67 50 
79 67 50 
80 67 50 
81 67 50 
69 59 51 
70 59 51 
71 59 51 
72 59 51 
73 59 51 
74 59 51 
75 59 51 
76 59 51 
77 59 51 
78 59 51 
79 59 51 
80 59 51 
67 60 51 
68 60 51 
69 60 51 
80 60 51 
81 60 51 
66 61 51 
67 61 51 
81 61 51 
82 61 51 
64 62 51 
65 62 51 
66 62 51 
81 62 51 
82 62 51 
64 63 51 
65 63 51 
81 63 51 
82 63 51 
64 64 51 
81 64 51 
82 64 51 
64 65 51 
80 65 51 
81 65 51 
82 65 51 
64 66 51 
65 66 51 
75 66 51 
76 66 51 
77 66 51 
78 66 51 
79 66 51 
80 66 51 
81 66 51 
65 67 51 
66 67 51 
67 67 51 
68 67 51 
69 67 51 
70 67 51 
71 67 51 
72 67 51 
73 67 51 
74 67 51 
75 67 51 
76 67 51 
78 67 51 
79 67 51 
80 67 51 
68 59 52 
69 59 52 
70 59 52 
71 59 52 
72 59 52 
73 59 52 
74 59 52 
75 59 52 
76 59 52 
77 59 52 
78 59 52 
79 59 52 
80 59 52 
67 60 52 
68 60 52 
69 60 52 
79 60 52 
80 60 52 
81 60 52 
66 61 52 
67 61 52 
80 61 52 
81 61 52 
65 62 52 
66 62 52 
80 62 52 
81 62 52 
64 63 52 
65 63 52 
80 63 52 
81 63 52 
64 64 52 
80 64 52 
81 64 52 
64 65 52 
75 65 52 
76 65 52 
77 65 52 
78 65 52 
79 65 52 
80 65 52 
81 65 52 
64 66 52 
65 66 52 
74 66 52 
75 66 52 
76 66 52 
77 66 52 
78 66 52 
79 66 52 
80 66 52 
65 67 52 
66 67 52 
67 67 52 
68 67 52 
69 67 52 
70 67 52 
71 67 52 
72 67 52 
73 67 52 
74 67 52 
75 67 52 
68 59 53 
69 59 53 
70 59 53 
71 59 53 
72 59 53 
73 59 53 
74 59 53 
75 59 53 
76 59 53 
77 59 53 
78 59 53 
79 59 53 
67 60 53 
68 60 53 
78 60 53 
79 60 53 
80 60 53 
66 61 53 
67 61 53 
79 61 53 
80 61 53 
65 62 53 
66 62 53 
80 62 53 
81 62 53 
64 63 53 
65 63 53 
79 63 53 
80 63 53 
81 63 53 
64 64 53 
76 64 53 
77 64 53 
78 64 53 
79 64 53 
80 64 53 
64 65 53 
75 65 53 
76 65 53 
77 65 53 
78 65 53 
79 65 53 
80 65 53 
64 66 53 
65 66 53 
74 66 53 
75 66 53 
65 67 53 
66 67 53 
67 67 53 
68 67 53 
69 67 53 
70 67 53 
71 67 53 
72 67 53 
73 67 53 
74 67 53 
67 59 54 
68 59 54 
69 59 54 
70 59 54 
71 59 54 
72 59 54 
73 59 54 
74 59 54 
75 59 54 
76 59 54 
77 59 54 
78 59 54 
66 60 54 
67 60 54 
68 60 54 
77 60 54 
78 60 54 
79 60 54 
65 61 54 
66 61 54 
67 61 54 
78 61 54 
79 61 54 
80 61 54 
64 62 54 
65 62 54 
66 62 54 
79 62 54 
80 62 54 
64 63 54 
65 63 54 
78 63 54 
79 63 54 
80 63 54 
64 64 54 
76 64 54 
77 64 54 
78 64 54 
79 64 54 
64 65 54 
75 65 54 
76 65 54 
64 66 54 
65 66 54 
74 66 54 
75 66 54 
65 67 54 
66 67 54 
67 67 54 
68 67 54 
69 67 54 
70 67 54 
71 67 54 
72 67 54 
73 67 54 
74 67 54 
67 59 55 
68 59 55 
69 59 55 
70 59 55 
71 59 55 
72 59 55 
73 59 55 
74 59 55 
75 59 55 
76 59 55 
77 59 55 
66 60 55 
67 60 55 
77 60 55 
78 60 55 
65 61 55 
66 61 55 
78 61 55 
79 61 55 
64 62 55 
65 62 55 
78 62 55 
79 62 55 
64 63 55 
77 63 55 
78 63 55 
79 63 55 
64 64 55 
75 64 55 
76 64 55 
77 64 55 
78 64 55 
64 65 55 
75 65 55 
76 65 55 
64 66 55 
65 66 55 
74 66 55 
75 66 55 
65 67 55 
66 67 55 
67 67 55 
68 67 55 
69 67 55 
70 67 55 
71 67 55 
72 67 55 
73 67 55 
74 67 55 
66 59 56 
67 59 56 
68 59 56 
69 59 56 
70 59 56 
71 59 56 
72 59 56 
73 59 56 
74 59 56 
75 59 56 
76 59 56 
77 59 56 
65 60 56 
66 60 56 
67 60 56 
76 60 56 
77 60 56 
78 60 56 
64 61 56 
65 61 56 
66 61 56 
77 61 56 
78 61 56 
64 62 56 
65 62 56 
77 62 56 
78 62 56 
64 63 56 
76 63 56 
77 63 56 
78 63 56 
64 64 56 
75 64 56 
76 64 56 
77 64 56 
64 65 56 
74 65 56 
75 65 56 
64 66 56 
65 66 56 
73 66 56 
74 66 56 
75 66 56 
65 67 56 
66 67 56 
67 67 56 
68 67 56 
69 67 56 
70 67 56 
71 67 56 
72 67 56 
73 67 56 
74 67 56 
66 59 57 
67 59 57 
68 59 57 
69 59 57 
70 59 57 
71 59 57 
72 59 57 
73 59 57 
74 59 57 
75 59 57 
76 59 57 
64 60 57 
65 60 57 
66 60 57 
75 60 57 
76 60 57 
77 60 57 
64 61 57 
65 61 57 
76 61 57 
77 61 57 
64 62 57 
76 62 57 
77 62 57 
63 63 57 
64 63 57 
76 63 57 
77 63 57 
63 64 57 
64 64 57 
75 64 57 
76 64 57 
63 65 57 
64 65 57 
74 65 57 
75 65 57 
64 66 57 
65 66 57 
73 66 57 
74 66 57 
64 67 57 
65 67 57 
66 67 57 
67 67 57 
68 67 57 
69 67 57 
70 67 57 
71 67 57 
72 67 57 
73 67 57 
65 59 58 
66 59 58 
67 59 58 
68 59 58 
69 59 58 
70 59 58 
71 59 58 
72 59 58 
73 59 58 
74 59 58 
75 59 58 
63 60 58 
64 60 58 
65 60 58 
66 60 58 
74 60 58 
75 60 58 
76 60 58 
62 61 58 
63 61 58 
64 61 58 
76 61 58 
77 61 58 
62 62 58 
63 62 58 
64 62 58 
76 62 58 
77 62 58 
62 63 58 
63 63 58 
64 63 58 
75 63 58 
76 63 58 
62 64 58 
63 64 58 
74 64 58 
75 64 58 
76 64 58 
62 65 58 
63 65 58 
64 65 58 
74 65 58 
75 65 58 
62 66 58 
63 66 58 
64 66 58 
73 66 58 
74 66 58 
63 67 58 
64 67 58 
65 67 58 
66 67 58 
67 67 58 
68 67 58 
69 67 58 
70 67 58 
71 67 58 
72 67 58 
73 67 58 
65 68 58 
66 68 58 
63 59 59 
64 59 59 
65 59 59 
66 59 59 
67 59 59 
68 59 59 
69 59 59 
70 59 59 
71 59 59 
72 59 59 
73 59 59 
74 59 59 
61 60 59 
62 60 59 
63 60 59 
64 60 59 
65 60 59 
74 60 59 
75 60 59 
76 60 59 
60 61 59 
61 61 59 
62 61 59 
63 61 59 
75 61 59 
76 61 59 
60 62 59 
61 62 59 
62 62 59 
75 62 59 
76 62 59 
60 63 59 
61 63 59 
62 63 59 
75 63 59 
76 63 59 
60 64 59 
61 64 59 
62 64 59 
74 64 59 
75 64 59 
60 65 59 
61 65 59 
62 65 59 
74 65 59 
60 66 59 
61 66 59 
62 66 59 
63 66 59 
73 66 59 
74 66 59 
61 67 59 
62 67 59 
63 67 59 
64 67 59 
65 67 59 
66 67 59 
67 67 59 
68 67 59 
69 67 59 
70 67 59 
71 67 59 
72 67 59 
73 67 59 
63 68 59 
64 68 59 
65 68 59 
66 68 59 
67 68 59 
61 59 60 
62 59 60 
63 59 60 
64 59 60 
65 59 60 
66 59 60 
67 59 60 
68 59 60 
69 59 60 
70 59 60 
71 59 60 
72 59 60 
73 59 60 
74 59 60 
59 60 60 
60 60 60 
61 60 60 
62 60 60 
63 60 60 
74 60 60 
75 60 60 
58 61 60 
59 61 60 
60 61 60 
61 61 60 
75 61 60 
58 62 60 
59 62 60 
60 62 60 
75 62 60 
58 63 60 
59 63 60 
60 63 60 
75 63 60 
58 64 60 
59 64 60 
60 64 60 
74 64 60 
75 64 60 
58 65 60 
59 65 60 
60 65 60 
74 65 60 
58 66 60 
59 66 60 
60 66 60 
61 66 60 
73 66 60 
74 66 60 
59 67 60 
60 67 60 
61 67 60 
62 67 60 
63 67 60 
67 67 60 
68 67 60 
69 67 60 
70 67 60 
71 67 60 
72 67 60 
73 67 60 
61 68 60 
62 68 60 
63 68 60 
64 68 60 
65 68 60 
66 68 60 
67 68 60 
68 68 60 
59 59 61 
60 59 61 
61 59 61 
62 59 61 
63 59 61 
64 59 61 
65 59 61 
66 59 61 
67 59 61 
68 59 61 
69 59 61 
70 59 61 
71 59 61 
72 59 61 
73 59 61 
74 59 61 
57 60 61 
58 60 61 
59 60 61 
60 60 61 
61 60 61 
74 60 61 
75 60 61 
57 61 61 
58 61 61 
59 61 61 
75 61 61 
56 62 61 
57 62 61 
58 62 61 
75 62 61 
56 63 61 
57 63 61 
58 63 61 
75 63 61 
56 64 61 
57 64 61 
58 64 61 
74 64 61 
75 64 61 
56 65 61 
57 65 61 
58 65 61 
74 65 61 
57 66 61 
58 66 61 
59 66 61 
73 66 61 
74 66 61 
57 67 61 
58 67 61 
59 67 61 
60 67 61 
61 67 61 
68 67 61 
69 67 61 
70 67 61 
71 67 61 
72 67 61 
73 67 61 
74 67 61 
59 68 61 
60 68 61 
61 68 61 
62 68 61 
63 68 61 
64 68 61 
65 68 61 
66 68 61 
67 68 61 
68 68 61 
69 68 61 
70 68 61 
71 68 61 
72 68 61 
57 59 62 
58 59 62 
59 59 62 
60 59 62 
61 59 62 
62 59 62 
63 59 62 
64 59 62 
65 59 62 
66 59 62 
67 59 62 
68 59 62 
69 59 62 
70 59 62 
71 59 62 
72 59 62 
73 59 62 
74 59 62 
56 60 62 
57 60 62 
58 60 62 
59 60 62 
74 60 62 
75 60 62 
55 61 62 
56 61 62 
57 61 62 
75 61 62 
55 62 62 
56 62 62 
57 62 62 
75 62 62 
55 63 62 
56 63 62 
75 63 62 
55 64 62 
56 64 62 
74 64 62 
75 64 62 
55 65 62 
56 65 62 
57 65 62 
74 65 62 
75 65 62 
55 66 62 
56 66 62 
57 66 62 
74 66 62 
75 66 62 
56 67 62 
57 67 62 
58 67 62 
59 67 62 
72 67 62 
73 67 62 
74 67 62 
57 68 62 
58 68 62 
59 68 62 
60 68 62 
61 68 62 
62 68 62 
63 68 62 
64 68 62 
65 68 62 
66 68 62 
67 68 62 
68 68 62 
69 68 62 
70 68 62 
71 68 62 
72 68 62 
73 68 62 
56 59 63 
57 59 63 
58 59 63 
59 59 63 
60 59 63 
61 59 63 
62 59 63 
63 59 63 
64 59 63 
65 59 63 
66 59 63 
67 59 63 
68 59 63 
69 59 63 
70 59 63 
71 59 63 
72 59 63 
73 59 63 
74 59 63 
54 60 63 
55 60 63 
56 60 63 
57 60 63 
64 60 63 
65 60 63 
66 60 63 
67 60 63 
68 60 63 
74 60 63 
75 60 63 
54 61 63 
55 61 63 
56 61 63 
75 61 63 
53 62 63 
54 62 63 
55 62 63 
75 62 63 
53 63 63 
54 63 63 
55 63 63 
75 63 63 
53 64 63 
54 64 63 
55 64 63 
75 64 63 
53 65 63 
54 65 63 
55 65 63 
75 65 63 
54 66 63 
55 66 63 
56 66 63 
74 66 63 
75 66 63 
54 67 63 
55 67 63 
56 67 63 
57 67 63 
64 67 63 
65 67 63 
66 67 63 
67 67 63 
68 67 63 
73 67 63 
74 67 63 
75 67 63 
56 68 63 
57 68 63 
58 68 63 
59 68 63 
60 68 63 
61 68 63 
62 68 63 
63 68 63 
64 68 63 
65 68 63 
66 68 63 
67 68 63 
68 68 63 
69 68 63 
70 68 63 
71 68 63 
72 68 63 
73 68 63 
74 68 63 
54 59 64 
55 59 64 
56 59 64 
57 59 64 
58 59 64 
59 59 64 
60 59 64 
61 59 64 
62 59 64 
63 59 64 
64 59 64 
68 59 64 
69 59 64 
70 59 64 
71 59 64 
72 59 64 
73 59 64 
74 59 64 
53 60 64 
54 60 64 
55 60 64 
56 60 64 
62 60 64 
63 60 64 
64 60 64 
65 60 64 
66 60 64 
67 60 64 
68 60 64 
69 60 64 
74 60 64 
75 60 64 
52 61 64 
53 61 64 
54 61 64 
64 61 64 
65 61 64 
66 61 64 
67 61 64 
68 61 64 
75 61 64 
52 62 64 
53 62 64 
54 62 64 
65 62 64 
66 62 64 
67 62 64 
68 62 64 
75 62 64 
52 63 64 
53 63 64 
65 63 64 
66 63 64 
67 63 64 
75 63 64 
52 64 64 
53 64 64 
65 64 64 
66 64 64 
67 64 64 
75 64 64 
52 65 64 
53 65 64 
54 65 64 
65 65 64 
66 65 64 
67 65 64 
68 65 64 
75 65 64 
52 66 64 
53 66 64 
54 66 64 
64 66 64 
65 66 64 
66 66 64 
67 66 64 
68 66 64 
75 66 64 
53 67 64 
54 67 64 
55 67 64 
56 67 64 
62 67 64 
63 67 64 
64 67 64 
65 67 64 
66 67 64 
67 67 64 
68 67 64 
69 67 64 
74 67 64 
75 67 64 
54 68 64 
55 68 64 
56 68 64 
57 68 64 
58 68 64 
59 68 64 
60 68 64 
61 68 64 
62 68 64 
63 68 64 
64 68 64 
68 68 64 
69 68 64 
70 68 64 
71 68 64 
72 68 64 
73 68 64 
74 68 64 
53 59 65 
54 59 65 
55 59 65 
56 59 65 
57 59 65 
58 59 65 
59 59 65 
60 59 65 
61 59 65 
62 59 65 
69 59 65 
70 59 65 
71 59 65 
72 59 65 
73 59 65 
74 59 65 
75 59 65 
52 60 65 
53 60 65 
54 60 65 
60 60 65 
61 60 65 
62 60 65 
63 60 65 
64 60 65 
68 60 65 
69 60 65 
70 60 65 
74 60 65 
75 60 65 
51 61 65 
52 61 65 
53 61 65 
62 61 65 
63 61 65 
64 61 65 
65 61 65 
68 61 65 
69 61 65 
75 61 65 
76 61 65 
51 62 65 
52 62 65 
63 62 65 
64 62 65 
65 62 65 
67 62 65 
68 62 65 
69 62 65 
75 62 65 
76 62 65 
51 63 65 
52 63 65 
63 63 65 
64 63 65 
65 63 65 
67 63 65 
68 63 65 
69 63 65 
75 63 65 
76 63 65 
51 64 65 
52 64 65 
63 64 65 
64 64 65 
65 64 65 
67 64 65 
68 64 65 
69 64 65 
75 64 65 
76 64 65 
51 65 65 
52 65 65 
63 65 65 
64 65 65 
65 65 65 
67 65 65 
68 65 65 
69 65 65 
75 65 65 
76 65 65 
51 66 65 
52 66 65 
53 66 65 
62 66 65 
63 66 65 
64 66 65 
65 66 65 
68 66 65 
69 66 65 
75 66 65 
76 66 65 
52 67 65 
53 67 65 
54 67 65 
60 67 65 
61 67 65 
62 67 65 
63 67 65 
64 67 65 
68 67 65 
69 67 65 
70 67 65 
74 67 65 
75 67 65 
53 68 65 
54 68 65 
55 68 65 
56 68 65 
57 68 65 
58 68 65 
59 68 65 
60 68 65 
61 68 65 
62 68 65 
69 68 65 
70 68 65 
71 68 65 
72 68 65 
73 68 65 
74 68 65 
75 68 65 
52 59 66 
53 59 66 
54 59 66 
55 59 66 
56 59 66 
57 59 66 
58 59 66 
59 59 66 
60 59 66 
70 59 66 
71 59 66 
72 59 66 
73 59 66 
74 59 66 
75 59 66 
50 60 66 
51 60 66 
52 60 66 
53 60 66 
59 60 66 
60 60 66 
61 60 66 
62 60 66 
69 60 66 
70 60 66 
75 60 66 
76 60 66 
50 61 66 
51 61 66 
52 61 66 
60 61 66 
61 61 66 
62 61 66 
63 61 66 
69 61 66 
75 61 66 
76 61 66 
49 62 66 
50 62 66 
51 62 66 
61 62 66 
62 62 66 
63 62 66 
69 62 66 
76 62 66 
77 62 66 
49 63 66 
50 63 66 
51 63 66 
61 63 66 
62 63 66 
63 63 66 
69 63 66 
76 63 66 
77 63 66 
49 64 66 
50 64 66 
51 64 66 
61 64 66 
62 64 66 
63 64 66 
69 64 66 
76 64 66 
77 64 66 
49 65 66 
50 65 66 
51 65 66 
61 65 66 
62 65 66 
63 65 66 
69 65 66 
76 65 66 
77 65 66 
50 66 66 
51 66 66 
52 66 66 
60 66 66 
61 66 66 
62 66 66 
63 66 66 
69 66 66 
75 66 66 
76 66 66 
50 67 66 
51 67 66 
52 67 66 
53 67 66 
59 67 66 
60 67 66 
61 67 66 
62 67 66 
69 67 66 
70 67 66 
75 67 66 
76 67 66 
52 68 66 
53 68 66 
54 68 66 
55 68 66 
56 68 66 
57 68 66 
58 68 66 
59 68 66 
60 68 66 
70 68 66 
71 68 66 
72 68 66 
73 68 66 
74 68 66 
75 68 66 
50 59 67 
51 59 67 
52 59 67 
53 59 67 
54 59 67 
55 59 67 
56 59 67 
57 59 67 
58 59 67 
59 59 67 
70 59 67 
71 59 67 
72 59 67 
73 59 67 
74 59 67 
75 59 67 
76 59 67 
49 60 67 
50 60 67 
51 60 67 
52 60 67 
58 60 67 
59 60 67 
60 60 67 
69 60 67 
70 60 67 
71 60 67 
75 60 67 
76 60 67 
48 61 67 
49 61 67 
50 61 67 
59 61 67 
60 61 67 
61 61 67 
69 61 67 
70 61 67 
76 61 67 
77 61 67 
48 62 67 
49 62 67 
50 62 67 
60 62 67 
61 62 67 
69 62 67 
76 62 67 
77 62 67 
48 63 67 
49 63 67 
60 63 67 
61 63 67 
69 63 67 
77 63 67 
48 64 67 
49 64 67 
60 64 67 
61 64 67 
69 64 67 
77 64 67 
48 65 67 
49 65 67 
50 65 67 
60 65 67 
61 65 67 
69 65 67 
76 65 67 
77 65 67 
48 66 67 
49 66 67 
50 66 67 
59 66 67 
60 66 67 
61 66 67 
69 66 67 
70 66 67 
76 66 67 
77 66 67 
49 67 67 
50 67 67 
51 67 67 
52 67 67 
58 67 67 
59 67 67 
60 67 67 
69 67 67 
70 67 67 
71 67 67 
75 67 67 
76 67 67 
50 68 67 
51 68 67 
52 68 67 
53 68 67 
54 68 67 
55 68 67 
56 68 67 
57 68 67 
58 68 67 
59 68 67 
70 68 67 
71 68 67 
72 68 67 
73 68 67 
74 68 67 
75 68 67 
76 68 67 
49 59 68 
50 59 68 
51 59 68 
52 59 68 
53 59 68 
54 59 68 
55 59 68 
56 59 68 
57 59 68 
58 59 68 
71 59 68 
72 59 68 
73 59 68 
74 59 68 
75 59 68 
76 59 68 
47 60 68 
48 60 68 
49 60 68 
50 60 68 
56 60 68 
57 60 68 
58 60 68 
59 60 68 
70 60 68 
71 60 68 
76 60 68 
77 60 68 
47 61 68 
48 61 68 
49 61 68 
58 61 68 
59 61 68 
60 61 68 
69 61 68 
70 61 68 
76 61 68 
77 61 68 
46 62 68 
47 62 68 
48 62 68 
58 62 68 
59 62 68 
60 62 68 
69 62 68 
70 62 68 
77 62 68 
46 63 68 
47 63 68 
48 63 68 
59 63 68 
60 63 68 
69 63 68 
70 63 68 
77 63 68 
46 64 68 
47 64 68 
48 64 68 
59 64 68 
60 64 68 
69 64 68 
70 64 68 
77 64 68 
46 65 68 
47 65 68 
48 65 68 
58 65 68 
59 65 68 
60 65 68 
69 65 68 
70 65 68 
77 65 68 
47 66 68 
48 66 68 
49 66 68 
58 66 68 
59 66 68 
60 66 68 
69 66 68 
70 66 68 
76 66 68 
77 66 68 
47 67 68 
48 67 68 
49 67 68 
50 67 68 
56 67 68 
57 67 68 
58 67 68 
59 67 68 
70 67 68 
71 67 68 
76 67 68 
77 67 68 
49 68 68 
50 68 68 
51 68 68 
52 68 68 
53 68 68 
54 68 68 
55 68 68 
56 68 68 
57 68 68 
58 68 68 
71 68 68 
72 68 68 
73 68 68 
74 68 68 
75 68 68 
76 68 68 
47 59 69 
48 59 69 
49 59 69 
50 59 69 
51 59 69 
52 59 69 
53 59 69 
54 59 69 
55 59 69 
56 59 69 
71 59 69 
72 59 69 
73 59 69 
74 59 69 
75 59 69 
76 59 69 
46 60 69 
47 60 69 
48 60 69 
49 60 69 
55 60 69 
56 60 69 
57 60 69 
58 60 69 
70 60 69 
71 60 69 
72 60 69 
76 60 69 
77 60 69 
45 61 69 
46 61 69 
47 61 69 
56 61 69 
57 61 69 
58 61 69 
70 61 69 
71 61 69 
77 61 69 
78 61 69 
45 62 69 
46 62 69 
47 62 69 
57 62 69 
58 62 69 
59 62 69 
70 62 69 
77 62 69 
78 62 69 
45 63 69 
46 63 69 
57 63 69 
58 63 69 
59 63 69 
70 63 69 
77 63 69 
78 63 69 
45 64 69 
46 64 69 
57 64 69 
58 64 69 
59 64 69 
70 64 69 
77 64 69 
78 64 69 
45 65 69 
46 65 69 
47 65 69 
57 65 69 
58 65 69 
59 65 69 
70 65 69 
77 65 69 
78 65 69 
45 66 69 
46 66 69 
47 66 69 
56 66 69 
57 66 69 
58 66 69 
70 66 69 
71 66 69 
77 66 69 
78 66 69 
46 67 69 
47 67 69 
48 67 69 
49 67 69 
55 67 69 
56 67 69 
57 67 69 
58 67 69 
70 67 69 
71 67 69 
72 67 69 
76 67 69 
77 67 69 
47 68 69 
48 68 69 
49 68 69 
50 68 69 
51 68 69 
52 68 69 
53 68 69 
54 68 69 
55 68 69 
56 68 69 
71 68 69 
72 68 69 
73 68 69 
74 68 69 
75 68 69 
76 68 69 
46 59 70 
47 59 70 
48 59 70 
49 59 70 
50 59 70 
51 59 70 
52 59 70 
53 59 70 
54 59 70 
55 59 70 
72 59 70 
73 59 70 
74 59 70 
75 59 70 
76 59 70 
77 59 70 
45 60 70 
46 60 70 
47 60 70 
53 60 70 
54 60 70 
55 60 70 
56 60 70 
71 60 70 
72 60 70 
76 60 70 
77 60 70 
78 60 70 
44 61 70 
45 61 70 
46 61 70 
55 61 70 
56 61 70 
57 61 70 
70 61 70 
71 61 70 
77 61 70 
78 61 70 
44 62 70 
45 62 70 
55 62 70 
56 62 70 
57 62 70 
70 62 70 
71 62 70 
78 62 70 
44 63 70 
45 63 70 
56 63 70 
57 63 70 
70 63 70 
71 63 70 
78 63 70 
44 64 70 
45 64 70 
56 64 70 
57 64 70 
70 64 70 
71 64 70 
78 64 70 
44 65 70 
45 65 70 
55 65 70 
56 65 70 
57 65 70 
70 65 70 
71 65 70 
78 65 70 
44 66 70 
45 66 70 
46 66 70 
55 66 70 
56 66 70 
57 66 70 
70 66 70 
71 66 70 
77 66 70 
78 66 70 
45 67 70 
46 67 70 
47 67 70 
53 67 70 
54 67 70 
55 67 70 
56 67 70 
71 67 70 
72 67 70 
76 67 70 
77 67 70 
78 67 70 
46 68 70 
47 68 70 
48 68 70 
49 68 70 
50 68 70 
51 68 70 
52 68 70 
53 68 70 
54 68 70 
55 68 70 
72 68 70 
73 68 70 
74 68 70 
75 68 70 
76 68 70 
77 68 70 
45 59 71 
46 59 71 
47 59 71 
48 59 71 
49 59 71 
50 59 71 
51 59 71 
52 59 71 
53 59 71 
72 59 71 
73 59 71 
74 59 71 
75 59 71 
76 59 71 
77 59 71 
43 60 71 
44 60 71 
45 60 71 
46 60 71 
52 60 71 
53 60 71 
54 60 71 
55 60 71 
71 60 71 
72 60 71 
77 60 71 
78 60 71 
43 61 71 
44 61 71 
45 61 71 
53 61 71 
54 61 71 
55 61 71 
71 61 71 
78 61 71 
42 62 71 
43 62 71 
44 62 71 
54 62 71 
55 62 71 
56 62 71 
71 62 71 
78 62 71 
42 63 71 
43 63 71 
44 63 71 
54 63 71 
55 63 71 
56 63 71 
71 63 71 
78 63 71 
42 64 71 
43 64 71 
44 64 71 
54 64 71 
55 64 71 
56 64 71 
71 64 71 
78 64 71 
42 65 71 
43 65 71 
44 65 71 
54 65 71 
55 65 71 
56 65 71 
71 65 71 
78 65 71 
43 66 71 
44 66 71 
45 66 71 
53 66 71 
54 66 71 
55 66 71 
71 66 71 
78 66 71 
43 67 71 
44 67 71 
45 67 71 
46 67 71 
52 67 71 
53 67 71 
54 67 71 
55 67 71 
71 67 71 
72 67 71 
77 67 71 
78 67 71 
45 68 71 
46 68 71 
47 68 71 
48 68 71 
49 68 71 
50 68 71 
51 68 71 
52 68 71 
53 68 71 
72 68 71 
73 68 71 
74 68 71 
75 68 71 
76 68 71 
77 68 71 
43 59 72 
44 59 72 
45 59 72 
46 59 72 
47 59 72 
48 59 72 
49 59 72 
50 59 72 
51 59 72 
52 59 72 
72 59 72 
73 59 72 
74 59 72 
75 59 72 
76 59 72 
77 59 72 
42 60 72 
43 60 72 
44 60 72 
45 60 72 
51 60 72 
52 60 72 
53 60 72 
71 60 72 
72 60 72 
73 60 72 
77 60 72 
78 60 72 
41 61 72 
42 61 72 
43 61 72 
52 61 72 
53 61 72 
54 61 72 
71 61 72 
72 61 72 
78 61 72 
79 61 72 
41 62 72 
42 62 72 
43 62 72 
53 62 72 
54 62 72 
71 62 72 
78 62 72 
79 62 72 
41 63 72 
42 63 72 
53 63 72 
54 63 72 
71 63 72 
78 63 72 
79 63 72 
41 64 72 
42 64 72 
53 64 72 
54 64 72 
71 64 72 
78 64 72 
79 64 72 
41 65 72 
42 65 72 
43 65 72 
53 65 72 
54 65 72 
71 65 72 
78 65 72 
79 65 72 
41 66 72 
42 66 72 
43 66 72 
52 66 72 
53 66 72 
54 66 72 
71 66 72 
72 66 72 
78 66 72 
79 66 72 
42 67 72 
43 67 72 
44 67 72 
45 67 72 
51 67 72 
52 67 72 
53 67 72 
71 67 72 
72 67 72 
73 67 72 
77 67 72 
78 67 72 
43 68 72 
44 68 72 
45 68 72 
46 68 72 
47 68 72 
48 68 72 
49 68 72 
50 68 72 
51 68 72 
52 68 72 
72 68 72 
73 68 72 
74 68 72 
75 68 72 
76 68 72 
77 68 72 
42 59 73 
43 59 73 
44 59 73 
45 59 73 
46 59 73 
47 59 73 
48 59 73 
49 59 73 
50 59 73 
51 59 73 
73 59 73 
74 59 73 
75 59 73 
76 59 73 
77 59 73 
78 59 73 
41 60 73 
42 60 73 
43 60 73 
49 60 73 
50 60 73 
51 60 73 
52 60 73 
72 60 73 
73 60 73 
77 60 73 
78 60 73 
79 60 73 
40 61 73 
41 61 73 
42 61 73 
51 61 73 
52 61 73 
53 61 73 
71 61 73 
72 61 73 
78 61 73 
79 61 73 
40 62 73 
41 62 73 
51 62 73 
52 62 73 
53 62 73 
71 62 73 
72 62 73 
79 62 73 
40 63 73 
41 63 73 
52 63 73 
53 63 73 
71 63 73 
72 63 73 
79 63 73 
40 64 73 
41 64 73 
52 64 73 
53 64 73 
71 64 73 
72 64 73 
79 64 73 
40 65 73 
41 65 73 
51 65 73 
52 65 73 
53 65 73 
71 65 73 
72 65 73 
79 65 73 
40 66 73 
41 66 73 
42 66 73 
51 66 73 
52 66 73 
53 66 73 
71 66 73 
72 66 73 
78 66 73 
79 66 73 
41 67 73 
42 67 73 
43 67 73 
49 67 73 
50 67 73 
51 67 73 
52 67 73 
72 67 73 
73 67 73 
77 67 73 
78 67 73 
79 67 73 
42 68 73 
43 68 73 
44 68 73 
45 68 73 
46 68 73 
47 68 73 
48 68 73 
49 68 73 
50 68 73 
51 68 73 
73 68 73 
74 68 73 
75 68 73 
76 68 73 
77 68 73 
78 68 73 
41 59 74 
42 59 74 
43 59 74 
44 59 74 
45 59 74 
46 59 74 
47 59 74 
48 59 74 
49 59 74 
73 59 74 
74 59 74 
75 59 74 
76 59 74 
77 59 74 
78 59 74 
40 60 74 
41 60 74 
42 60 74 
48 60 74 
49 60 74 
50 60 74 
51 60 74 
72 60 74 
73 60 74 
78 60 74 
79 60 74 
39 61 74 
40 61 74 
41 61 74 
49 61 74 
50 61 74 
51 61 74 
72 61 74 
79 61 74 
39 62 74 
40 62 74 
50 62 74 
51 62 74 
52 62 74 
72 62 74 
79 62 74 
39 63 74 
40 63 74 
50 63 74 
51 63 74 
52 63 74 
72 63 74 
79 63 74 
39 64 74 
40 64 74 
50 64 74 
51 64 74 
52 64 74 
72 64 74 
79 64 74 
39 65 74 
40 65 74 
50 65 74 
51 65 74 
52 65 74 
72 65 74 
79 65 74 
39 66 74 
40 66 74 
41 66 74 
49 66 74 
50 66 74 
51 66 74 
72 66 74 
79 66 74 
40 67 74 
41 67 74 
42 67 74 
48 67 74 
49 67 74 
50 67 74 
51 67 74 
72 67 74 
73 67 74 
78 67 74 
79 67 74 
41 68 74 
42 68 74 
43 68 74 
44 68 74 
45 68 74 
46 68 74 
47 68 74 
48 68 74 
49 68 74 
73 68 74 
74 68 74 
75 68 74 
76 68 74 
77 68 74 
78 68 74 
40 59 75 
41 59 75 
42 59 75 
43 59 75 
44 59 75 
45 59 75 
46 59 75 
47 59 75 
48 59 75 
73 59 75 
74 59 75 
75 59 75 
76 59 75 
77 59 75 
78 59 75 
39 60 75 
40 60 75 
41 60 75 
47 60 75 
48 60 75 
49 60 75 
72 60 75 
73 60 75 
74 60 75 
78 60 75 
79 60 75 
39 61 75 
40 61 75 
48 61 75 
49 61 75 
50 61 75 
72 61 75 
73 61 75 
79 61 75 
38 62 75 
39 62 75 
49 62 75 
50 62 75 
72 62 75 
79 62 75 
38 63 75 
39 63 75 
49 63 75 
50 63 75 
72 63 75 
79 63 75 
38 64 75 
39 64 75 
49 64 75 
50 64 75 
72 64 75 
79 64 75 
38 65 75 
39 65 75 
49 65 75 
50 65 75 
72 65 75 
79 65 75 
39 66 75 
40 66 75 
48 66 75 
49 66 75 
50 66 75 
72 66 75 
73 66 75 
79 66 75 
39 67 75 
40 67 75 
41 67 75 
47 67 75 
48 67 75 
49 67 75 
72 67 75 
73 67 75 
74 67 75 
78 67 75 
79 67 75 
40 68 75 
41 68 75 
42 68 75 
43 68 75 
44 68 75 
45 68 75 
46 68 75 
47 68 75 
48 68 75 
73 68 75 
74 68 75 
75 68 75 
76 68 75 
77 68 75 
78 68 75 
39 59 76 
40 59 76 
41 59 76 
42 59 76 
43 59 76 
44 59 76 
45 59 76 
46 59 76 
47 59 76 
74 59 76 
75 59 76 
76 59 76 
77 59 76 
78 59 76 
38 60 76 
39 60 76 
40 60 76 
46 60 76 
47 60 76 
48 60 76 
73 60 76 
74 60 76 
78 60 76 
79 60 76 
38 61 76 
39 61 76 
47 61 76 
48 61 76 
49 61 76 
72 61 76 
73 61 76 
79 61 76 
80 61 76 
38 62 76 
39 62 76 
48 62 76 
49 62 76 
72 62 76 
73 62 76 
79 62 76 
80 62 76 
38 63 76 
48 63 76 
49 63 76 
72 63 76 
73 63 76 
79 63 76 
80 63 76 
38 64 76 
48 64 76 
49 64 76 
72 64 76 
73 64 76 
79 64 76 
80 64 76 
38 65 76 
39 65 76 
48 65 76 
49 65 76 
72 65 76 
73 65 76 
79 65 76 
80 65 76 
38 66 76 
39 66 76 
47 66 76 
48 66 76 
49 66 76 
72 66 76 
73 66 76 
79 66 76 
80 66 76 
38 67 76 
39 67 76 
40 67 76 
46 67 76 
47 67 76 
48 67 76 
73 67 76 
74 67 76 
78 67 76 
79 67 76 
39 68 76 
40 68 76 
41 68 76 
42 68 76 
43 68 76 
44 68 76 
45 68 76 
46 68 76 
47 68 76 
74 68 76 
75 68 76 
76 68 76 
77 68 76 
78 68 76 
39 59 77 
40 59 77 
41 59 77 
42 59 77 
43 59 77 
44 59 77 
45 59 77 
46 59 77 
74 59 77 
75 59 77 
76 59 77 
77 59 77 
78 59 77 
79 59 77 
38 60 77 
39 60 77 
45 60 77 
46 60 77 
47 60 77 
73 60 77 
74 60 77 
78 60 77 
79 60 77 
80 60 77 
37 61 77 
38 61 77 
46 61 77 
47 61 77 
48 61 77 
73 61 77 
79 61 77 
80 61 77 
37 62 77 
38 62 77 
47 62 77 
48 62 77 
73 62 77 
80 62 77 
37 63 77 
38 63 77 
47 63 77 
48 63 77 
73 63 77 
80 63 77 
37 64 77 
38 64 77 
47 64 77 
48 64 77 
73 64 77 
80 64 77 
37 65 77 
38 65 77 
47 65 77 
48 65 77 
73 65 77 
80 65 77 
37 66 77 
38 66 77 
46 66 77 
47 66 77 
48 66 77 
73 66 77 
79 66 77 
80 66 77 
38 67 77 
39 67 77 
45 67 77 
46 67 77 
47 67 77 
73 67 77 
74 67 77 
78 67 77 
79 67 77 
80 67 77 
39 68 77 
40 68 77 
41 68 77 
42 68 77 
43 68 77 
44 68 77 
45 68 77 
46 68 77 
74 68 77 
75 68 77 
76 68 77 
77 68 77 
78 68 77 
79 68 77 
38 59 78 
39 59 78 
40 59 78 
41 59 78 
42 59 78 
43 59 78 
44 59 78 
45 59 78 
74 59 78 
75 59 78 
76 59 78 
77 59 78 
78 59 78 
79 59 78 
37 60 78 
38 60 78 
39 60 78 
44 60 78 
45 60 78 
46 60 78 
73 60 78 
74 60 78 
79 60 78 
80 60 78 
37 61 78 
38 61 78 
45 61 78 
46 61 78 
47 61 78 
73 61 78 
80 61 78 
36 62 78 
37 62 78 
46 62 78 
47 62 78 
73 62 78 
80 62 78 
36 63 78 
37 63 78 
46 63 78 
47 63 78 
73 63 78 
80 63 78 
36 64 78 
37 64 78 
46 64 78 
47 64 78 
73 64 78 
80 64 78 
36 65 78 
37 65 78 
46 65 78 
47 65 78 
73 65 78 
80 65 78 
37 66 78 
38 66 78 
45 66 78 
46 66 78 
47 66 78 
73 66 78 
80 66 78 
37 67 78 
38 67 78 
39 67 78 
44 67 78 
45 67 78 
46 67 78 
73 67 78 
74 67 78 
79 67 78 
80 67 78 
38 68 78 
39 68 78 
40 68 78 
41 68 78 
42 68 78 
43 68 78 
44 68 78 
45 68 78 
74 68 78 
75 68 78 
76 68 78 
77 68 78 
78 68 78 
79 68 78 
37 59 79 
38 59 79 
39 59 79 
40 59 79 
41 59 79 
42 59 79 
43 59 79 
44 59 79 
74 59 79 
75 59 79 
76 59 79 
77 59 79 
78 59 79 
79 59 79 
36 60 79 
37 60 79 
38 60 79 
43 60 79 
44 60 79 
45 60 79 
73 60 79 
74 60 79 
75 60 79 
79 60 79 
80 60 79 
36 61 79 
37 61 79 
44 61 79 
45 61 79 
46 61 79 
73 61 79 
74 61 79 
80 61 79 
81 61 79 
36 62 79 
37 62 79 
45 62 79 
46 62 79 
73 62 79 
80 62 79 
81 62 79 
36 63 79 
45 63 79 
46 63 79 
73 63 79 
80 63 79 
81 63 79 
36 64 79 
45 64 79 
46 64 79 
73 64 79 
80 64 79 
81 64 79 
36 65 79 
37 65 79 
45 65 79 
46 65 79 
73 65 79 
80 65 79 
81 65 79 
36 66 79 
37 66 79 
44 66 79 
45 66 79 
46 66 79 
73 66 79 
74 66 79 
80 66 79 
81 66 79 
36 67 79 
37 67 79 
38 67 79 
43 67 79 
44 67 79 
45 67 79 
73 67 79 
74 67 79 
75 67 79 
79 67 79 
80 67 79 
37 68 79 
38 68 79 
39 68 79 
40 68 79 
41 68 79 
42 68 79 
43 68 79 
44 68 79 
74 68 79 
75 68 79 
76 68 79 
77 68 79 
78 68 79 
79 68 79 
37 59 80 
38 59 80 
39 59 80 
40 59 80 
41 59 80 
42 59 80 
43 59 80 
75 59 80 
76 59 80 
77 59 80 
78 59 80 
79 59 80 
80 59 80 
36 60 80 
37 60 80 
42 60 80 
43 60 80 
44 60 80 
74 60 80 
75 60 80 
79 60 80 
80 60 80 
81 60 80 
35 61 80 
36 61 80 
43 61 80 
44 61 80 
45 61 80 
73 61 80 
74 61 80 
80 61 80 
81 61 80 
35 62 80 
36 62 80 
44 62 80 
45 62 80 
73 62 80 
74 62 80 
81 62 80 
35 63 80 
36 63 80 
44 63 80 
45 63 80 
73 63 80 
74 63 80 
81 63 80 
35 64 80 
36 64 80 
44 64 80 
45 64 80 
73 64 80 
74 64 80 
81 64 80 
35 65 80 
36 65 80 
44 65 80 
45 65 80 
73 65 80 
74 65 80 
81 65 80 
35 66 80 
36 66 80 
43 66 80 
44 66 80 
45 66 80 
73 66 80 
74 66 80 
80 66 80 
81 66 80 
36 67 80 
37 67 80 
42 67 80 
43 67 80 
44 67 80 
74 67 80 
75 67 80 
79 67 80 
80 67 80 
81 67 80 
37 68 80 
38 68 80 
39 68 80 
40 68 80 
41 68 80 
42 68 80 
43 68 80 
75 68 80 
76 68 80 
77 68 80 
78 68 80 
79 68 80 
80 68 80 
36 59 81 
37 59 81 
38 59 81 
39 59 81 
40 59 81 
41 59 81 
42 59 81 
75 59 81 
76 59 81 
77 59 81 
78 59 81 
79 59 81 
80 59 81 
35 60 81 
36 60 81 
37 60 81 
42 60 81 
43 60 81 
74 60 81 
75 60 81 
80 60 81 
81 60 81 
35 61 81 
36 61 81 
43 61 81 
44 61 81 
74 61 81 
81 61 81 
34 62 81 
35 62 81 
43 62 81 
44 62 81 
74 62 81 
81 62 81 
34 63 81 
35 63 81 
43 63 81 
44 63 81 
74 63 81 
81 63 81 
34 64 81 
35 64 81 
43 64 81 
44 64 81 
74 64 81 
81 64 81 
34 65 81 
35 65 81 
43 65 81 
44 65 81 
74 65 81 
81 65 81 
35 66 81 
36 66 81 
43 66 81 
44 66 81 
74 66 81 
81 66 81 
35 67 81 
36 67 81 
37 67 81 
42 67 81 
43 67 81 
74 67 81 
75 67 81 
80 67 81 
81 67 81 
36 68 81 
37 68 81 
38 68 81 
39 68 81 
40 68 81 
41 68 81 
42 68 81 
75 68 81 
76 68 81 
77 68 81 
78 68 81 
79 68 81 
80 68 81 
35 59 82 
36 59 82 
37 59 82 
38 59 82 
39 59 82 
40 59 82 
41 59 82 
42 59 82 
75 59 82 
76 59 82 
77 59 82 
78 59 82 
79 59 82 
80 59 82 
34 60 82 
35 60 82 
36 60 82 
41 60 82 
42 60 82 
43 60 82 
74 60 82 
75 60 82 
76 60 82 
80 60 82 
81 60 82 
34 61 82 
35 61 82 
42 61 82 
43 61 82 
74 61 82 
75 61 82 
81 61 82 
82 61 82 
34 62 82 
35 62 82 
42 62 82 
43 62 82 
74 62 82 
81 62 82 
82 62 82 
34 63 82 
43 63 82 
74 63 82 
81 63 82 
82 63 82 
34 64 82 
43 64 82 
74 64 82 
81 64 82 
82 64 82 
34 65 82 
35 65 82 
42 65 82 
43 65 82 
74 65 82 
81 65 82 
82 65 82 
34 66 82 
35 66 82 
42 66 82 
43 66 82 
74 66 82 
75 66 82 
81 66 82 
82 66 82 
34 67 82 
35 67 82 
36 67 82 
41 67 82 
42 67 82 
43 67 82 
74 67 82 
75 67 82 
76 67 82 
80 67 82 
81 67 82 
35 68 82 
36 68 82 
37 68 82 
38 68 82 
39 68 82 
40 68 82 
41 68 82 
42 68 82 
75 68 82 
76 68 82 
77 68 82 
78 68 82 
79 68 82 
80 68 82 
35 59 83 
36 59 83 
37 59 83 
38 59 83 
39 59 83 
40 59 83 
41 59 83 
76 59 83 
77 59 83 
78 59 83 
79 59 83 
80 59 83 
81 59 83 
34 60 83 
35 60 83 
40 60 83 
41 60 83 
42 60 83 
75 60 83 
76 60 83 
80 60 83 
81 60 83 
82 60 83 
33 61 83 
34 61 83 
41 61 83 
42 61 83 
74 61 83 
75 61 83 
81 61 83 
82 61 83 
33 62 83 
34 62 83 
42 62 83 
43 62 83 
74 62 83 
75 62 83 
82 62 83 
33 63 83 
34 63 83 
42 63 83 
43 63 83 
74 63 83 
75 63 83 
82 63 83 
33 64 83 
34 64 83 
42 64 83 
43 64 83 
74 64 83 
75 64 83 
82 64 83 
33 65 83 
34 65 83 
42 65 83 
43 65 83 
74 65 83 
75 65 83 
82 65 83 
33 66 83 
34 66 83 
41 66 83 
42 66 83 
74 66 83 
75 66 83 
81 66 83 
82 66 83 
34 67 83 
35 67 83 
40 67 83 
41 67 83 
42 67 83 
75 67 83 
76 67 83 
80 67 83 
81 67 83 
82 67 83 
35 68 83 
36 68 83 
37 68 83 
38 68 83 
39 68 83 
40 68 83 
41 68 83 
76 68 83 
77 68 83 
78 68 83 
79 68 83 
80 68 83 
81 68 83 
34 59 84 
35 59 84 
36 59 84 
37 59 84 
38 59 84 
39 59 84 
40 59 84 
76 59 84 
77 59 84 
78 59 84 
79 59 84 
80 59 84 
81 59 84 
33 60 84 
34 60 84 
35 60 84 
39 60 84 
40 60 84 
41 60 84 
75 60 84 
76 60 84 
81 60 84 
82 60 84 
33 61 84 
34 61 84 
40 61 84 
41 61 84 
42 61 84 
75 61 84 
82 61 84 
32 62 84 
33 62 84 
41 62 84 
42 62 84 
75 62 84 
82 62 84 
32 63 84 
33 63 84 
41 63 84 
42 63 84 
75 63 84 
82 63 84 
32 64 84 
33 64 84 
41 64 84 
42 64 84 
75 64 84 
82 64 84 
32 65 84 
33 65 84 
41 65 84 
42 65 84 
75 65 84 
82 65 84 
33 66 84 
34 66 84 
40 66 84 
41 66 84 
42 66 84 
75 66 84 
82 66 84 
33 67 84 
34 67 84 
35 67 84 
39 67 84 
40 67 84 
41 67 84 
75 67 84 
76 67 84 
81 67 84 
82 67 84 
34 68 84 
35 68 84 
36 68 84 
37 68 84 
38 68 84 
39 68 84 
40 68 84 
76 68 84 
77 68 84 
78 68 84 
79 68 84 
80 68 84 
81 68 84 
33 59 85 
34 59 85 
35 59 85 
36 59 85 
37 59 85 
38 59 85 
39 59 85 
76 59 85 
77 59 85 
78 59 85 
79 59 85 
80 59 85 
81 59 85 
32 60 85 
33 60 85 
34 60 85 
39 60 85 
40 60 85 
75 60 85 
76 60 85 
81 60 85 
82 60 85 
32 61 85 
33 61 85 
40 61 85 
41 61 85 
75 61 85 
82 61 85 
32 62 85 
33 62 85 
40 62 85 
41 62 85 
75 62 85 
82 62 85 
32 63 85 
40 63 85 
41 63 85 
75 63 85 
82 63 85 
32 64 85 
40 64 85 
41 64 85 
75 64 85 
82 64 85 
32 65 85 
33 65 85 
40 65 85 
41 65 85 
75 65 85 
82 65 85 
32 66 85 
33 66 85 
40 66 85 
41 66 85 
75 66 85 
82 66 85 
32 67 85 
33 67 85 
34 67 85 
39 67 85 
40 67 85 
75 67 85 
76 67 85 
81 67 85 
82 67 85 
33 68 85 
34 68 85 
35 68 85 
36 68 85 
37 68 85 
38 68 85 
39 68 85 
76 68 85 
77 68 85 
78 68 85 
79 68 85 
80 68 85 
81 68 85 
33 59 86 
34 59 86 
35 59 86 
36 59 86 
37 59 86 
38 59 86 
39 59 86 
76 59 86 
77 59 86 
78 59 86 
79 59 86 
80 59 86 
81 59 86 
32 60 86 
33 60 86 
38 60 86 
39 60 86 
40 60 86 
75 60 86 
76 60 86 
77 60 86 
81 60 86 
82 60 86 
31 61 86 
32 61 86 
39 61 86 
40 61 86 
75 61 86 
76 61 86 
82 61 86 
83 61 86 
31 62 86 
32 62 86 
40 62 86 
75 62 86 
82 62 86 
83 62 86 
31 63 86 
32 63 86 
40 63 86 
75 63 86 
82 63 86 
83 63 86 
31 64 86 
32 64 86 
40 64 86 
75 64 86 
82 64 86 
83 64 86 
31 65 86 
32 65 86 
40 65 86 
75 65 86 
82 65 86 
83 65 86 
31 66 86 
32 66 86 
39 66 86 
40 66 86 
75 66 86 
76 66 86 
82 66 86 
83 66 86 
32 67 86 
33 67 86 
38 67 86 
39 67 86 
40 67 86 
75 67 86 
76 67 86 
77 67 86 
81 67 86 
82 67 86 
33 68 86 
34 68 86 
35 68 86 
36 68 86 
37 68 86 
38 68 86 
39 68 86 
76 68 86 
77 68 86 
78 68 86 
79 68 86 
80 68 86 
81 68 86 
32 59 87 
33 59 87 
34 59 87 
35 59 87 
36 59 87 
37 59 87 
38 59 87 
77 59 87 
78 59 87 
79 59 87 
80 59 87 
81 59 87 
82 59 87 
31 60 87 
32 60 87 
33 60 87 
38 60 87 
39 60 87 
76 60 87 
77 60 87 
81 60 87 
82 60 87 
31 61 87 
32 61 87 
39 61 87 
40 61 87 
75 61 87 
76 61 87 
82 61 87 
83 61 87 
31 62 87 
39 62 87 
40 62 87 
75 62 87 
76 62 87 
83 62 87 
31 63 87 
39 63 87 
40 63 87 
75 63 87 
76 63 87 
83 63 87 
31 64 87 
39 64 87 
40 64 87 
75 64 87 
76 64 87 
83 64 87 
31 65 87 
39 65 87 
40 65 87 
75 65 87 
76 65 87 
83 65 87 
31 66 87 
32 66 87 
39 66 87 
40 66 87 
75 66 87 
76 66 87 
82 66 87 
83 66 87 
31 67 87 
32 67 87 
33 67 87 
38 67 87 
39 67 87 
76 67 87 
77 67 87 
81 67 87 
82 67 87 
32 68 87 
33 68 87 
34 68 87 
35 68 87 
36 68 87 
37 68 87 
38 68 87 
77 68 87 
78 68 87 
79 68 87 
80 68 87 
81 68 87 
82 68 87 
32 59 88 
33 59 88 
34 59 88 
35 59 88 
36 59 88 
37 59 88 
38 59 88 
77 59 88 
78 59 88 
79 59 88 
80 59 88 
81 59 88 
82 59 88 
31 60 88 
32 60 88 
37 60 88 
38 60 88 
39 60 88 
76 60 88 
77 60 88 
82 60 88 
83 60 88 
31 61 88 
38 61 88 
39 61 88 
76 61 88 
82 61 88 
83 61 88 
31 62 88 
39 62 88 
76 62 88 
83 62 88 
31 63 88 
39 63 88 
76 63 88 
83 63 88 
31 64 88 
39 64 88 
76 64 88 
83 64 88 
31 65 88 
39 65 88 
76 65 88 
83 65 88 
31 66 88 
38 66 88 
39 66 88 
76 66 88 
82 66 88 
83 66 88 
31 67 88 
32 67 88 
37 67 88 
38 67 88 
39 67 88 
76 67 88 
77 67 88 
82 67 88 
83 67 88 
32 68 88 
33 68 88 
34 68 88 
35 68 88 
36 68 88 
37 68 88 
38 68 88 
77 68 88 
78 68 88 
79 68 88 
80 68 88 
81 68 88 
82 68 88 
32 59 89 
33 59 89 
34 59 89 
35 59 89 
36 59 89 
37 59 89 
77 59 89 
78 59 89 
79 59 89 
80 59 89 
81 59 89 
82 59 89 
31 60 89 
32 60 89 
37 60 89 
38 60 89 
76 60 89 
77 60 89 
82 60 89 
83 60 89 
30 61 89 
31 61 89 
38 61 89 
39 61 89 
76 61 89 
83 61 89 
30 62 89 
31 62 89 
38 62 89 
39 62 89 
76 62 89 
83 62 89 
30 63 89 
31 63 89 
38 63 89 
39 63 89 
76 63 89 
83 63 89 
30 64 89 
31 64 89 
38 64 89 
39 64 89 
76 64 89 
83 64 89 
30 65 89 
31 65 89 
38 65 89 
39 65 89 
76 65 89 
83 65 89 
30 66 89 
31 66 89 
38 66 89 
39 66 89 
76 66 89 
83 66 89 
31 67 89 
32 67 89 
37 67 89 
38 67 89 
76 67 89 
77 67 89 
82 67 89 
83 67 89 
32 68 89 
33 68 89 
34 68 89 
35 68 89 
36 68 89 
37 68 89 
77 68 89 
78 68 89 
79 68 89 
80 68 89 
81 68 89 
82 68 89 
31 59 90 
32 59 90 
33 59 90 
34 59 90 
35 59 90 
36 59 90 
37 59 90 
77 59 90 
78 59 90 
79 59 90 
80 59 90 
81 59 90 
82 59 90 
31 60 90 
32 60 90 
36 60 90 
37 60 90 
38 60 90 
76 60 90 
77 60 90 
82 60 90 
83 60 90 
30 61 90 
31 61 90 
37 61 90 
38 61 90 
76 61 90 
83 61 90 
30 62 90 
38 62 90 
76 62 90 
83 62 90 
30 63 90 
38 63 90 
76 63 90 
83 63 90 
30 64 90 
38 64 90 
76 64 90 
83 64 90 
30 65 90 
38 65 90 
76 65 90 
83 65 90 
30 66 90 
31 66 90 
37 66 90 
38 66 90 
76 66 90 
83 66 90 
31 67 90 
32 67 90 
36 67 90 
37 67 90 
38 67 90 
76 67 90 
77 67 90 
82 67 90 
83 67 90 
31 68 90 
32 68 90 
33 68 90 
34 68 90 
35 68 90 
36 68 90 
37 68 90 
77 68 90 
78 68 90 
79 68 90 
80 68 90 
81 68 90 
82 68 90 
31 59 91 
32 59 91 
33 59 91 
34 59 91 
35 59 91 
36 59 91 
77 59 91 
78 59 91 
79 59 91 
80 59 91 
81 59 91 
82 59 91 
30 60 91 
31 60 91 
36 60 91 
37 60 91 
76 60 91 
77 60 91 
82 60 91 
83 60 91 
30 61 91 
31 61 91 
37 61 91 
38 61 91 
76 61 91 
83 61 91 
30 62 91 
37 62 91 
38 62 91 
76 62 91 
83 62 91 
30 63 91 
37 63 91 
38 63 91 
76 63 91 
83 63 91 
30 64 91 
37 64 91 
38 64 91 
76 64 91 
83 64 91 
30 65 91 
37 65 91 
38 65 91 
76 65 91 
83 65 91 
30 66 91 
31 66 91 
37 66 91 
38 66 91 
76 66 91 
83 66 91 
30 67 91 
31 67 91 
36 67 91 
37 67 91 
76 67 91 
77 67 91 
82 67 91 
83 67 91 
31 68 91 
32 68 91 
33 68 91 
34 68 91 
35 68 91 
36 68 91 
77 68 91 
78 68 91 
79 68 91 
80 68 91 
81 68 91 
82 68 91 
31 59 92 
32 59 92 
33 59 92 
34 59 92 
35 59 92 
36 59 92 
77 59 92 
78 59 92 
79 59 92 
80 59 92 
81 59 92 
82 59 92 
30 60 92 
31 60 92 
36 60 92 
37 60 92 
76 60 92 
77 60 92 
82 60 92 
83 60 92 
30 61 92 
37 61 92 
76 61 92 
83 61 92 
30 62 92 
37 62 92 
76 62 92 
83 62 92 
30 63 92 
37 63 92 
76 63 92 
83 63 92 
30 64 92 
37 64 92 
76 64 92 
83 64 92 
30 65 92 
37 65 92 
76 65 92 
83 65 92 
30 66 92 
37 66 92 
76 66 92 
83 66 92 
30 67 92 
31 67 92 
36 67 92 
37 67 92 
76 67 92 
77 67 92 
82 67 92 
83 67 92 
31 68 92 
32 68 92 
33 68 92 
34 68 92 
35 68 92 
36 68 92 
77 68 92 
78 68 92 
79 68 92 
80 68 92 
81 68 92 
82 68 92 
31 59 93 
32 59 93 
33 59 93 
34 59 93 
35 59 93 
36 59 93 
77 59 93 
78 59 93 
79 59 93 
80 59 93 
81 59 93 
82 59 93 
30 60 93 
31 60 93 
35 60 93 
36 60 93 
37 60 93 
76 60 93 
77 60 93 
82 60 93 
83 60 93 
30 61 93 
36 61 93 
37 61 93 
76 61 93 
83 61 93 
30 62 93 
37 62 93 
76 62 93 
83 62 93 
30 63 93 
37 63 93 
76 63 93 
83 63 93 
30 64 93 
37 64 93 
76 64 93 
83 64 93 
30 65 93 
37 65 93 
76 65 93 
83 65 93 
30 66 93 
36 66 93 
37 66 93 
76 66 93 
83 66 93 
30 67 93 
31 67 93 
35 67 93 
36 67 93 
37 67 93 
76 67 93 
77 67 93 
82 67 93 
83 67 93 
31 68 93 
32 68 93 
33 68 93 
34 68 93 
35 68 93 
36 68 93 
77 68 93 
78 68 93 
79 68 93 
80 68 93 
81 68 93 
82 68 93 
31 59 94 
32 59 94 
33 59 94 
34 59 94 
35 59 94 
77 59 94 
78 59 94 
79 59 94 
80 59 94 
81 59 94 
82 59 94 
30 60 94 
31 60 94 
35 60 94 
36 60 94 
76 60 94 
77 60 94 
82 60 94 
83 60 94 
30 61 94 
36 61 94 
37 61 94 
76 61 94 
83 61 94 
30 62 94 
36 62 94 
37 62 94 
76 62 94 
83 62 94 
30 63 94 
36 63 94 
37 63 94 
76 63 94 
83 63 94 
30 64 94 
36 64 94 
37 64 94 
76 64 94 
83 64 94 
30 65 94 
36 65 94 
37 65 94 
76 65 94 
83 65 94 
30 66 94 
36 66 94 
37 66 94 
76 66 94 
83 66 94 
30 67 94 
31 67 94 
35 67 94 
36 67 94 
76 67 94 
77 67 94 
82 67 94 
83 67 94 
31 68 94 
32 68 94 
33 68 94 
34 68 94 
35 68 94 
77 68 94 
78 68 94 
79 68 94 
80 68 94 
81 68 94 
82 68 94 
31 59 95 
32 59 95 
33 59 95 
34 59 95 
35 59 95 
77 59 95 
78 59 95 
79 59 95 
80 59 95 
81 59 95 
82 59 95 
30 60 95 
31 60 95 
35 60 95 
36 60 95 
76 60 95 
77 60 95 
82 60 95 
83 60 95 
30 61 95 
35 61 95 
36 61 95 
76 61 95 
83 61 95 
30 62 95 
36 62 95 
76 62 95 
83 62 95 
30 63 95 
36 63 95 
76 63 95 
83 63 95 
30 64 95 
36 64 95 
76 64 95 
83 64 95 
30 65 95 
36 65 95 
76 65 95 
83 65 95 
30 66 95 
35 66 95 
36 66 95 
76 66 95 
83 66 95 
30 67 95 
31 67 95 
35 67 95 
36 67 95 
76 67 95 
77 67 95 
82 67 95 
83 67 95 
31 68 95 
32 68 95 
33 68 95 
34 68 95 
35 68 95 
77 68 95 
78 68 95 
79 68 95 
80 68 95 
81 68 95 
82 68 95 
31 59 96 
32 59 96 
33 59 96 
34 59 96 
35 59 96 
77 59 96 
78 59 96 
79 59 96 
80 59 96 
81 59 96 
82 59 96 
30 60 96 
31 60 96 
32 60 96 
34 60 96 
35 60 96 
76 60 96 
77 60 96 
82 60 96 
83 60 96 
30 61 96 
31 61 96 
35 61 96 
36 61 96 
76 61 96 
83 61 96 
30 62 96 
35 62 96 
36 62 96 
76 62 96 
83 62 96 
30 63 96 
36 63 96 
76 63 96 
83 63 96 
30 64 96 
36 64 96 
76 64 96 
83 64 96 
30 65 96 
35 65 96 
36 65 96 
76 65 96 
83 65 96 
30 66 96 
31 66 96 
35 66 96 
36 66 96 
76 66 96 
83 66 96 
30 67 96 
31 67 96 
32 67 96 
34 67 96 
35 67 96 
76 67 96 
77 67 96 
82 67 96 
83 67 96 
31 68 96 
32 68 96 
33 68 96 
34 68 96 
35 68 96 
77 68 96 
78 68 96 
79 68 96 
80 68 96 
81 68 96 
82 68 96 
32 59 97 
33 59 97 
34 59 97 
77 59 97 
78 59 97 
79 59 97 
80 59 97 
81 59 97 
82 59 97 
31 60 97 
32 60 97 
33 60 97 
34 60 97 
35 60 97 
76 60 97 
77 60 97 
82 60 97 
83 60 97 
30 61 97 
31 61 97 
34 61 97 
35 61 97 
76 61 97 
83 61 97 
30 62 97 
31 62 97 
35 62 97 
36 62 97 
76 62 97 
83 62 97 
30 63 97 
35 63 97 
36 63 97 
76 63 97 
83 63 97 
30 64 97 
35 64 97 
36 64 97 
76 64 97 
83 64 97 
30 65 97 
31 65 97 
35 65 97 
36 65 97 
76 65 97 
83 65 97 
30 66 97 
31 66 97 
34 66 97 
35 66 97 
76 66 97 
83 66 97 
31 67 97 
32 67 97 
33 67 97 
34 67 97 
35 67 97 
76 67 97 
77 67 97 
82 67 97 
83 67 97 
32 68 97 
33 68 97 
34 68 97 
77 68 97 
78 68 97 
79 68 97 
80 68 97 
81 68 97 
82 68 97 
77 59 98 
78 59 98 
79 59 98 
80 59 98 
81 59 98 
82 59 98 
31 60 98 
32 60 98 
33 60 98 
34 60 98 
76 60 98 
77 60 98 
82 60 98 
83 60 98 
31 61 98 
32 61 98 
33 61 98 
34 61 98 
35 61 98 
76 61 98 
83 61 98 
30 62 98 
31 62 98 
32 62 98 
33 62 98 
34 62 98 
35 62 98 
76 62 98 
83 62 98 
30 63 98 
31 63 98 
34 63 98 
35 63 98 
76 63 98 
83 63 98 
30 64 98 
31 64 98 
34 64 98 
35 64 98 
76 64 98 
83 64 98 
30 65 98 
31 65 98 
32 65 98 
33 65 98 
34 65 98 
35 65 98 
76 65 98 
83 65 98 
31 66 98 
32 66 98 
33 66 98 
34 66 98 
35 66 98 
76 66 98 
83 66 98 
31 67 98 
32 67 98 
33 67 98 
34 67 98 
76 67 98 
77 67 98 
82 67 98 
83 67 98 
77 68 98 
78 68 98 
79 68 98 
80 68 98 
81 68 98 
82 68 98 
77 59 99 
78 59 99 
79 59 99 
80 59 99 
81 59 99 
82 59 99 
76 60 99 
77 60 99 
82 60 99 
83 60 99 
32 61 99 
33 61 99 
76 61 99 
83 61 99 
31 62 99 
32 62 99 
33 62 99 
34 62 99 
76 62 99 
83 62 99 
31 63 99 
32 63 99 
33 63 99 
34 63 99 
76 63 99 
83 63 99 
31 64 99 
32 64 99 
33 64 99 
34 64 99 
76 64 99 
83 64 99 
31 65 99 
32 65 99 
33 65 99 
34 65 99 
76 65 99 
83 65 99 
32 66 99 
33 66 99 
76 66 99 
83 66 99 
76 67 99 
77 67 99 
82 67 99 
83 67 99 
77 68 99 
78 68 99 
79 68 99 
80 68 99 
81 68 99 
82 68 99 
77 59 100 
78 59 100 
79 59 100 
80 59 100 
81 59 100 
82 59 100 
76 60 100 
77 60 100 
82 60 100 
83 60 100 
76 61 100 
83 61 100 
76 62 100 
83 62 100 
76 63 100 
83 63 100 
76 64 100 
83 64 100 
76 65 100 
83 65 100 
76 66 100 
83 66 100 
76 67 100 
77 67 100 
82 67 100 
83 67 100 
77 68 100 
78 68 100 
79 68 100 
80 68 100 
81 68 100 
82 68 100 
77 59 101 
78 59 101 
79 59 101 
80 59 101 
81 59 101 
82 59 101 
76 60 101 
77 60 101 
82 60 101 
83 60 101 
75 61 101 
76 61 101 
82 61 101 
83 61 101 
75 62 101 
76 62 101 
83 62 101 
75 63 101 
76 63 101 
83 63 101 
75 64 101 
76 64 101 
83 64 101 
75 65 101 
76 65 101 
83 65 101 
75 66 101 
76 66 101 
82 66 101 
83 66 101 
76 67 101 
77 67 101 
82 67 101 
83 67 101 
77 68 101 
78 68 101 
79 68 101 
80 68 101 
81 68 101 
82 68 101 
76 59 102 
77 59 102 
78 59 102 
79 59 102 
80 59 102 
81 59 102 
82 59 102 
75 60 102 
76 60 102 
77 60 102 
81 60 102 
82 60 102 
75 61 102 
76 61 102 
82 61 102 
83 61 102 
75 62 102 
83 62 102 
75 63 102 
83 63 102 
75 64 102 
83 64 102 
75 65 102 
83 65 102 
75 66 102 
76 66 102 
82 66 102 
83 66 102 
75 67 102 
76 67 102 
77 67 102 
81 67 102 
82 67 102 
76 68 102 
77 68 102 
78 68 102 
79 68 102 
80 68 102 
81 68 102 
82 68 102 
76 59 103 
77 59 103 
78 59 103 
79 59 103 
80 59 103 
81 59 103 
75 60 103 
76 60 103 
81 60 103 
82 60 103 
75 61 103 
82 61 103 
83 61 103 
75 62 103 
82 62 103 
83 62 103 
75 63 103 
82 63 103 
83 63 103 
75 64 103 
82 64 103 
83 64 103 
75 65 103 
82 65 103 
83 65 103 
75 66 103 
82 66 103 
83 66 103 
75 67 103 
76 67 103 
81 67 103 
82 67 103 
76 68 103 
77 68 103 
78 68 103 
79 68 103 
80 68 103 
81 68 103 
76 59 104 
77 59 104 
78 59 104 
79 59 104 
80 59 104 
81 59 104 
75 60 104 
76 60 104 
81 60 104 
82 60 104 
75 61 104 
82 61 104 
75 62 104 
82 62 104 
75 63 104 
82 63 104 
75 64 104 
82 64 104 
75 65 104 
82 65 104 
75 66 104 
82 66 104 
75 67 104 
76 67 104 
81 67 104 
82 67 104 
76 68 104 
77 68 104 
78 68 104 
79 68 104 
80 68 104 
81 68 104 
76 59 105 
77 59 105 
78 59 105 
79 59 105 
80 59 105 
81 59 105 
75 60 105 
76 60 105 
81 60 105 
82 60 105 
74 61 105 
75 61 105 
82 61 105 
74 62 105 
75 62 105 
82 62 105 
74 63 105 
75 63 105 
82 63 105 
74 64 105 
75 64 105 
82 64 105 
74 65 105 
75 65 105 
82 65 105 
74 66 105 
75 66 105 
82 66 105 
75 67 105 
76 67 105 
81 67 105 
82 67 105 
76 68 105 
77 68 105 
78 68 105 
79 68 105 
80 68 105 
81 68 105 
75 59 106 
76 59 106 
77 59 106 
78 59 106 
79 59 106 
80 59 106 
81 59 106 
74 60 106 
75 60 106 
76 60 106 
80 60 106 
81 60 106 
82 60 106 
74 61 106 
75 61 106 
81 61 106 
82 61 106 
74 62 106 
82 62 106 
74 63 106 
82 63 106 
74 64 106 
82 64 106 
74 65 106 
82 65 106 
74 66 106 
75 66 106 
81 66 106 
82 66 106 
74 67 106 
75 67 106 
76 67 106 
80 67 106 
81 67 106 
82 67 106 
75 68 106 
76 68 106 
77 68 106 
78 68 106 
79 68 106 
80 68 106 
81 68 106 
75 59 107 
76 59 107 
77 59 107 
78 59 107 
79 59 107 
80 59 107 
74 60 107 
75 60 107 
80 60 107 
81 60 107 
74 61 107 
81 61 107 
82 61 107 
74 62 107 
81 62 107 
82 62 107 
74 63 107 
81 63 107 
82 63 107 
74 64 107 
81 64 107 
82 64 107 
74 65 107 
81 65 107 
82 65 107 
74 66 107 
81 66 107 
82 66 107 
74 67 107 
75 67 107 
80 67 107 
81 67 107 
75 68 107 
76 68 107 
77 68 107 
78 68 107 
79 68 107 
80 68 107 
75 59 108 
76 59 108 
77 59 108 
78 59 108 
79 59 108 
80 59 108 
74 60 108 
75 60 108 
80 60 108 
81 60 108 
73 61 108 
74 61 108 
81 61 108 
73 62 108 
74 62 108 
81 62 108 
73 63 108 
74 63 108 
81 63 108 
73 64 108 
74 64 108 
81 64 108 
73 65 108 
74 65 108 
81 65 108 
73 66 108 
74 66 108 
81 66 108 
74 67 108 
75 67 108 
80 67 108 
81 67 108 
75 68 108 
76 68 108 
77 68 108 
78 68 108 
79 68 108 
80 68 108 
74 59 109 
75 59 109 
76 59 109 
77 59 109 
78 59 109 
79 59 109 
80 59 109 
73 60 109 
74 60 109 
75 60 109 
79 60 109 
80 60 109 
81 60 109 
73 61 109 
74 61 109 
80 61 109 
81 61 109 
73 62 109 
81 62 109 
73 63 109 
81 63 109 
73 64 109 
81 64 109 
73 65 109 
81 65 109 
73 66 109 
74 66 109 
80 66 109 
81 66 109 
73 67 109 
74 67 109 
75 67 109 
79 67 109 
80 67 109 
81 67 109 
74 68 109 
75 68 109 
76 68 109 
77 68 109 
78 68 109 
79 68 109 
80 68 109 
74 59 110 
75 59 110 
76 59 110 
77 59 110 
78 59 110 
79 59 110 
73 60 110 
74 60 110 
79 60 110 
80 60 110 
73 61 110 
80 61 110 
81 61 110 
73 62 110 
80 62 110 
81 62 110 
73 63 110 
80 63 110 
81 63 110 
73 64 110 
80 64 110 
81 64 110 
73 65 110 
80 65 110 
81 65 110 
73 66 110 
80 66 110 
81 66 110 
73 67 110 
74 67 110 
79 67 110 
80 67 110 
74 68 110 
75 68 110 
76 68 110 
77 68 110 
78 68 110 
79 68 110 
74 59 111 
75 59 111 
76 59 111 
77 59 111 
78 59 111 
79 59 111 
73 60 111 
74 60 111 
78 60 111 
79 60 111 
80 60 111 
73 61 111 
79 61 111 
80 61 111 
72 62 111 
73 62 111 
79 62 111 
80 62 111 
72 63 111 
73 63 111 
80 63 111 
72 64 111 
73 64 111 
80 64 111 
72 65 111 
73 65 111 
79 65 111 
80 65 111 
73 66 111 
79 66 111 
80 66 111 
73 67 111 
74 67 111 
78 67 111 
79 67 111 
80 67 111 
74 68 111 
75 68 111 
76 68 111 
77 68 111 
78 68 111 
79 68 111 
74 59 112 
75 59 112 
76 59 112 
77 59 112 
78 59 112 
73 60 112 
74 60 112 
77 60 112 
78 60 112 
79 60 112 
72 61 112 
73 61 112 
78 61 112 
79 61 112 
72 62 112 
73 62 112 
79 62 112 
80 62 112 
72 63 112 
73 63 112 
79 63 112 
80 63 112 
72 64 112 
73 64 112 
79 64 112 
80 64 112 
72 65 112 
73 65 112 
79 65 112 
80 65 112 
72 66 112 
73 66 112 
78 66 112 
79 66 112 
73 67 112 
74 67 112 
77 67 112 
78 67 112 
79 67 112 
74 68 112 
75 68 112 
76 68 112 
77 68 112 
78 68 112 
74 59 113 
75 59 113 
76 59 113 
77 59 113 
73 60 113 
74 60 113 
75 60 113 
76 60 113 
77 60 113 
78 60 113 
73 61 113 
74 61 113 
77 61 113 
78 61 113 
79 61 113 
73 62 113 
77 62 113 
78 62 113 
79 62 113 
72 63 113 
73 63 113 
78 63 113 
79 63 113 
72 64 113 
73 64 113 
78 64 113 
79 64 113 
73 65 113 
77 65 113 
78 65 113 
79 65 113 
73 66 113 
74 66 113 
77 66 113 
78 66 113 
79 66 113 
73 67 113 
74 67 113 
75 67 113 
76 67 113 
77 67 113 
78 67 113 
74 68 113 
75 68 113 
76 68 113 
77 68 113 
74 60 114 
75 60 114 
76 60 114 
77 60 114 
73 61 114 
74 61 114 
75 61 114 
76 61 114 
77 61 114 
73 62 114 
74 62 114 
75 62 114 
76 62 114 
77 62 114 
78 62 114 
73 63 114 
74 63 114 
75 63 114 
76 63 114 
77 63 114 
78 63 114 
73 64 114 
74 64 114 
75 64 114 
76 64 114 
77 64 114 
78 64 114 
73 65 114 
74 65 114 
75 65 114 
76 65 114 
77 65 114 
78 65 114 
73 66 114 
74 66 114 
75 66 114 
76 66 114 
77 66 114 
74 67 114 
75 67 114 
76 67 114 
77 67 114 
75 61 115 
75 62 115 
76 62 115 
74 63 115 
75 63 115 
76 63 115 
74 64 115 
75 64 115 
76 64 115 
75 65 115 
76 65 115 
75 66 115